{
 "cells": [
  {
   "cell_type": "code",
   "execution_count": 1,
   "id": "0cd0a613",
   "metadata": {},
   "outputs": [],
   "source": [
    "import numpy as np\n",
    "import pandas as pd\n",
    "import matplotlib.pyplot as plt\n",
    "from scipy.stats import linregress\n",
    "import random"
   ]
  },
  {
   "cell_type": "code",
   "execution_count": 2,
   "id": "4167a718",
   "metadata": {},
   "outputs": [
    {
     "name": "stderr",
     "output_type": "stream",
     "text": [
      "/Users/liujing/anaconda3/lib/python3.11/site-packages/openpyxl/worksheet/_read_only.py:79: UserWarning: Unknown extension is not supported and will be removed\n",
      "  for idx, row in parser.parse():\n"
     ]
    }
   ],
   "source": [
    "industry_portfolios=pd.read_excel('Industry_Portfolios.xlsx',index_col='Date')"
   ]
  },
  {
   "cell_type": "code",
   "execution_count": 3,
   "id": "24f3d116",
   "metadata": {},
   "outputs": [
    {
     "data": {
      "text/html": [
       "<div>\n",
       "<style scoped>\n",
       "    .dataframe tbody tr th:only-of-type {\n",
       "        vertical-align: middle;\n",
       "    }\n",
       "\n",
       "    .dataframe tbody tr th {\n",
       "        vertical-align: top;\n",
       "    }\n",
       "\n",
       "    .dataframe thead th {\n",
       "        text-align: right;\n",
       "    }\n",
       "</style>\n",
       "<table border=\"1\" class=\"dataframe\">\n",
       "  <thead>\n",
       "    <tr style=\"text-align: right;\">\n",
       "      <th></th>\n",
       "      <th>NoDur</th>\n",
       "      <th>Durbl</th>\n",
       "      <th>Manuf</th>\n",
       "      <th>Enrgy</th>\n",
       "      <th>HiTec</th>\n",
       "      <th>Telcm</th>\n",
       "      <th>Shops</th>\n",
       "      <th>Hlth</th>\n",
       "      <th>Utils</th>\n",
       "      <th>Other</th>\n",
       "    </tr>\n",
       "    <tr>\n",
       "      <th>Date</th>\n",
       "      <th></th>\n",
       "      <th></th>\n",
       "      <th></th>\n",
       "      <th></th>\n",
       "      <th></th>\n",
       "      <th></th>\n",
       "      <th></th>\n",
       "      <th></th>\n",
       "      <th></th>\n",
       "      <th></th>\n",
       "    </tr>\n",
       "  </thead>\n",
       "  <tbody>\n",
       "    <tr>\n",
       "      <th>200401</th>\n",
       "      <td>0.06</td>\n",
       "      <td>-1.07</td>\n",
       "      <td>-0.62</td>\n",
       "      <td>0.44</td>\n",
       "      <td>4.53</td>\n",
       "      <td>1.41</td>\n",
       "      <td>0.45</td>\n",
       "      <td>3.09</td>\n",
       "      <td>1.92</td>\n",
       "      <td>2.88</td>\n",
       "    </tr>\n",
       "    <tr>\n",
       "      <th>200402</th>\n",
       "      <td>4.25</td>\n",
       "      <td>-0.07</td>\n",
       "      <td>1.95</td>\n",
       "      <td>4.69</td>\n",
       "      <td>-2.92</td>\n",
       "      <td>-0.52</td>\n",
       "      <td>6.09</td>\n",
       "      <td>0.89</td>\n",
       "      <td>2.07</td>\n",
       "      <td>2.16</td>\n",
       "    </tr>\n",
       "    <tr>\n",
       "      <th>200403</th>\n",
       "      <td>-0.09</td>\n",
       "      <td>-1.15</td>\n",
       "      <td>-0.27</td>\n",
       "      <td>-0.13</td>\n",
       "      <td>-2.55</td>\n",
       "      <td>-2.07</td>\n",
       "      <td>0.29</td>\n",
       "      <td>-3.96</td>\n",
       "      <td>1.13</td>\n",
       "      <td>-0.63</td>\n",
       "    </tr>\n",
       "    <tr>\n",
       "      <th>200404</th>\n",
       "      <td>1.42</td>\n",
       "      <td>2.30</td>\n",
       "      <td>-0.17</td>\n",
       "      <td>2.52</td>\n",
       "      <td>-4.91</td>\n",
       "      <td>-0.48</td>\n",
       "      <td>-2.70</td>\n",
       "      <td>3.54</td>\n",
       "      <td>-3.55</td>\n",
       "      <td>-3.76</td>\n",
       "    </tr>\n",
       "    <tr>\n",
       "      <th>200405</th>\n",
       "      <td>-1.89</td>\n",
       "      <td>-1.64</td>\n",
       "      <td>1.61</td>\n",
       "      <td>0.39</td>\n",
       "      <td>4.85</td>\n",
       "      <td>-2.95</td>\n",
       "      <td>0.30</td>\n",
       "      <td>-0.42</td>\n",
       "      <td>1.28</td>\n",
       "      <td>1.86</td>\n",
       "    </tr>\n",
       "    <tr>\n",
       "      <th>...</th>\n",
       "      <td>...</td>\n",
       "      <td>...</td>\n",
       "      <td>...</td>\n",
       "      <td>...</td>\n",
       "      <td>...</td>\n",
       "      <td>...</td>\n",
       "      <td>...</td>\n",
       "      <td>...</td>\n",
       "      <td>...</td>\n",
       "      <td>...</td>\n",
       "    </tr>\n",
       "    <tr>\n",
       "      <th>201308</th>\n",
       "      <td>-4.00</td>\n",
       "      <td>-1.00</td>\n",
       "      <td>-1.95</td>\n",
       "      <td>-1.83</td>\n",
       "      <td>-0.12</td>\n",
       "      <td>-3.28</td>\n",
       "      <td>-4.21</td>\n",
       "      <td>-3.49</td>\n",
       "      <td>-4.43</td>\n",
       "      <td>-3.66</td>\n",
       "    </tr>\n",
       "    <tr>\n",
       "      <th>201309</th>\n",
       "      <td>1.94</td>\n",
       "      <td>6.46</td>\n",
       "      <td>5.20</td>\n",
       "      <td>2.03</td>\n",
       "      <td>3.77</td>\n",
       "      <td>4.33</td>\n",
       "      <td>4.46</td>\n",
       "      <td>4.19</td>\n",
       "      <td>1.05</td>\n",
       "      <td>3.83</td>\n",
       "    </tr>\n",
       "    <tr>\n",
       "      <th>201310</th>\n",
       "      <td>4.75</td>\n",
       "      <td>0.72</td>\n",
       "      <td>4.56</td>\n",
       "      <td>4.86</td>\n",
       "      <td>3.80</td>\n",
       "      <td>5.52</td>\n",
       "      <td>5.08</td>\n",
       "      <td>3.47</td>\n",
       "      <td>3.35</td>\n",
       "      <td>3.87</td>\n",
       "    </tr>\n",
       "    <tr>\n",
       "      <th>201311</th>\n",
       "      <td>1.29</td>\n",
       "      <td>1.81</td>\n",
       "      <td>2.95</td>\n",
       "      <td>0.85</td>\n",
       "      <td>3.65</td>\n",
       "      <td>0.27</td>\n",
       "      <td>3.67</td>\n",
       "      <td>4.54</td>\n",
       "      <td>-1.81</td>\n",
       "      <td>4.74</td>\n",
       "    </tr>\n",
       "    <tr>\n",
       "      <th>201312</th>\n",
       "      <td>2.65</td>\n",
       "      <td>1.18</td>\n",
       "      <td>3.13</td>\n",
       "      <td>2.95</td>\n",
       "      <td>4.04</td>\n",
       "      <td>3.96</td>\n",
       "      <td>0.20</td>\n",
       "      <td>0.71</td>\n",
       "      <td>1.79</td>\n",
       "      <td>3.11</td>\n",
       "    </tr>\n",
       "  </tbody>\n",
       "</table>\n",
       "<p>120 rows × 10 columns</p>\n",
       "</div>"
      ],
      "text/plain": [
       "        NoDur  Durbl  Manuf  Enrgy  HiTec  Telcm  Shops  Hlth  Utils  Other\n",
       "Date                                                                       \n",
       "200401   0.06  -1.07  -0.62   0.44   4.53   1.41   0.45  3.09   1.92   2.88\n",
       "200402   4.25  -0.07   1.95   4.69  -2.92  -0.52   6.09  0.89   2.07   2.16\n",
       "200403  -0.09  -1.15  -0.27  -0.13  -2.55  -2.07   0.29 -3.96   1.13  -0.63\n",
       "200404   1.42   2.30  -0.17   2.52  -4.91  -0.48  -2.70  3.54  -3.55  -3.76\n",
       "200405  -1.89  -1.64   1.61   0.39   4.85  -2.95   0.30 -0.42   1.28   1.86\n",
       "...       ...    ...    ...    ...    ...    ...    ...   ...    ...    ...\n",
       "201308  -4.00  -1.00  -1.95  -1.83  -0.12  -3.28  -4.21 -3.49  -4.43  -3.66\n",
       "201309   1.94   6.46   5.20   2.03   3.77   4.33   4.46  4.19   1.05   3.83\n",
       "201310   4.75   0.72   4.56   4.86   3.80   5.52   5.08  3.47   3.35   3.87\n",
       "201311   1.29   1.81   2.95   0.85   3.65   0.27   3.67  4.54  -1.81   4.74\n",
       "201312   2.65   1.18   3.13   2.95   4.04   3.96   0.20  0.71   1.79   3.11\n",
       "\n",
       "[120 rows x 10 columns]"
      ]
     },
     "execution_count": 3,
     "metadata": {},
     "output_type": "execute_result"
    }
   ],
   "source": [
    "industry_portfolios"
   ]
  },
  {
   "cell_type": "code",
   "execution_count": 4,
   "id": "8ea4de5a",
   "metadata": {},
   "outputs": [
    {
     "data": {
      "text/plain": [
       "Index(['NoDur', 'Durbl', 'Manuf', 'Enrgy', 'HiTec', 'Telcm', 'Shops', 'Hlth',\n",
       "       'Utils', 'Other'],\n",
       "      dtype='object')"
      ]
     },
     "execution_count": 4,
     "metadata": {},
     "output_type": "execute_result"
    }
   ],
   "source": [
    "industry_portfolios.columns"
   ]
  },
  {
   "cell_type": "code",
   "execution_count": 5,
   "id": "cec78a8e",
   "metadata": {},
   "outputs": [
    {
     "name": "stderr",
     "output_type": "stream",
     "text": [
      "/Users/liujing/anaconda3/lib/python3.11/site-packages/openpyxl/worksheet/_read_only.py:79: UserWarning: Unknown extension is not supported and will be removed\n",
      "  for idx, row in parser.parse():\n"
     ]
    }
   ],
   "source": [
    "market_portfolio=pd.read_excel('Market_Portfolio.xlsx',index_col=\"Date\")"
   ]
  },
  {
   "cell_type": "code",
   "execution_count": 6,
   "id": "93be425a",
   "metadata": {},
   "outputs": [
    {
     "data": {
      "text/html": [
       "<div>\n",
       "<style scoped>\n",
       "    .dataframe tbody tr th:only-of-type {\n",
       "        vertical-align: middle;\n",
       "    }\n",
       "\n",
       "    .dataframe tbody tr th {\n",
       "        vertical-align: top;\n",
       "    }\n",
       "\n",
       "    .dataframe thead th {\n",
       "        text-align: right;\n",
       "    }\n",
       "</style>\n",
       "<table border=\"1\" class=\"dataframe\">\n",
       "  <thead>\n",
       "    <tr style=\"text-align: right;\">\n",
       "      <th></th>\n",
       "      <th>Market</th>\n",
       "    </tr>\n",
       "    <tr>\n",
       "      <th>Date</th>\n",
       "      <th></th>\n",
       "    </tr>\n",
       "  </thead>\n",
       "  <tbody>\n",
       "    <tr>\n",
       "      <th>200401</th>\n",
       "      <td>2.22</td>\n",
       "    </tr>\n",
       "    <tr>\n",
       "      <th>200402</th>\n",
       "      <td>1.46</td>\n",
       "    </tr>\n",
       "    <tr>\n",
       "      <th>200403</th>\n",
       "      <td>-1.23</td>\n",
       "    </tr>\n",
       "    <tr>\n",
       "      <th>200404</th>\n",
       "      <td>-1.75</td>\n",
       "    </tr>\n",
       "    <tr>\n",
       "      <th>200405</th>\n",
       "      <td>1.23</td>\n",
       "    </tr>\n",
       "    <tr>\n",
       "      <th>...</th>\n",
       "      <td>...</td>\n",
       "    </tr>\n",
       "    <tr>\n",
       "      <th>201308</th>\n",
       "      <td>-2.69</td>\n",
       "    </tr>\n",
       "    <tr>\n",
       "      <th>201309</th>\n",
       "      <td>3.76</td>\n",
       "    </tr>\n",
       "    <tr>\n",
       "      <th>201310</th>\n",
       "      <td>4.17</td>\n",
       "    </tr>\n",
       "    <tr>\n",
       "      <th>201311</th>\n",
       "      <td>3.12</td>\n",
       "    </tr>\n",
       "    <tr>\n",
       "      <th>201312</th>\n",
       "      <td>2.81</td>\n",
       "    </tr>\n",
       "  </tbody>\n",
       "</table>\n",
       "<p>120 rows × 1 columns</p>\n",
       "</div>"
      ],
      "text/plain": [
       "        Market\n",
       "Date          \n",
       "200401    2.22\n",
       "200402    1.46\n",
       "200403   -1.23\n",
       "200404   -1.75\n",
       "200405    1.23\n",
       "...        ...\n",
       "201308   -2.69\n",
       "201309    3.76\n",
       "201310    4.17\n",
       "201311    3.12\n",
       "201312    2.81\n",
       "\n",
       "[120 rows x 1 columns]"
      ]
     },
     "execution_count": 6,
     "metadata": {},
     "output_type": "execute_result"
    }
   ],
   "source": [
    "market_portfolio"
   ]
  },
  {
   "cell_type": "code",
   "execution_count": 7,
   "id": "0218f4b4",
   "metadata": {},
   "outputs": [
    {
     "data": {
      "text/plain": [
       "NoDur    0.154750\n",
       "Durbl   -0.014750\n",
       "Manuf    0.264750\n",
       "Enrgy    0.483083\n",
       "HiTec    0.018167\n",
       "Telcm    0.133333\n",
       "Shops    0.168250\n",
       "Hlth     0.035750\n",
       "Utils    0.159083\n",
       "Other   -0.259000\n",
       "dtype: float64"
      ]
     },
     "execution_count": 7,
     "metadata": {},
     "output_type": "execute_result"
    }
   ],
   "source": [
    "Ri=(industry_portfolios-market_portfolio.values).mean()\n",
    "Ri"
   ]
  },
  {
   "cell_type": "code",
   "execution_count": 8,
   "id": "7bf3882d",
   "metadata": {},
   "outputs": [
    {
     "data": {
      "text/plain": [
       "array([[ 5.43969574, -6.07303523, -1.39619166, -1.20053326, -1.88315088,\n",
       "         1.53888487,  1.14074116,  3.81513716,  4.27200187, -1.7687384 ],\n",
       "       [-6.07303523, 26.62890078,  4.90802359, -3.48105498,  1.89157693,\n",
       "        -1.70762521, -0.35433527, -8.08294641, -9.61749011,  4.38586529],\n",
       "       [-1.39619166,  4.90802359,  2.9504991 ,  1.66613313,  0.06526676,\n",
       "        -0.62641597, -1.15459666, -2.28889981, -1.90141158,  0.35890361],\n",
       "       [-1.20053326, -3.48105498,  1.66613313, 19.27491058, -1.51697245,\n",
       "        -1.04052465, -3.7104391 , -2.48579603,  4.4543684 , -3.8648258 ],\n",
       "       [-1.88315088,  1.89157693,  0.06526676, -1.51697245,  5.09874619,\n",
       "        -0.77329384, -0.24535029, -1.93628433, -2.34283867, -1.40405025],\n",
       "       [ 1.53888487, -1.70762521, -0.62641597, -1.04052465, -0.77329384,\n",
       "         4.68256695,  0.46379748,  0.69315714,  2.72147703, -1.27177815],\n",
       "       [ 1.14074116, -0.35433527, -1.15459666, -3.7104391 , -0.24535029,\n",
       "         0.46379748,  4.452628  ,  0.76451015, -0.17666632, -0.25698731],\n",
       "       [ 3.81513716, -8.08294641, -2.28889981, -2.48579603, -1.93628433,\n",
       "         0.69315714,  0.76451015,  7.82044649,  3.49613641, -1.72684193],\n",
       "       [ 4.27200187, -9.61749011, -1.90141158,  4.4543684 , -2.34283867,\n",
       "         2.72147703, -0.17666632,  3.49613641, 12.26747562, -4.05511168],\n",
       "       [-1.7687384 ,  4.38586529,  0.35890361, -3.8648258 , -1.40405025,\n",
       "        -1.27177815, -0.25698731, -1.72684193, -4.05511168,  4.50320403]])"
      ]
     },
     "execution_count": 8,
     "metadata": {},
     "output_type": "execute_result"
    }
   ],
   "source": [
    "Vij=np.cov(industry_portfolios-market_portfolio.values,rowvar= False)\n",
    "Vij"
   ]
  },
  {
   "cell_type": "code",
   "execution_count": 9,
   "id": "3e9e70b3",
   "metadata": {},
   "outputs": [
    {
     "data": {
      "text/plain": [
       "(10, 10)"
      ]
     },
     "execution_count": 9,
     "metadata": {},
     "output_type": "execute_result"
    }
   ],
   "source": [
    "Vij.shape"
   ]
  },
  {
   "cell_type": "code",
   "execution_count": 10,
   "id": "05b83f17",
   "metadata": {},
   "outputs": [
    {
     "data": {
      "text/html": [
       "<div>\n",
       "<style scoped>\n",
       "    .dataframe tbody tr th:only-of-type {\n",
       "        vertical-align: middle;\n",
       "    }\n",
       "\n",
       "    .dataframe tbody tr th {\n",
       "        vertical-align: top;\n",
       "    }\n",
       "\n",
       "    .dataframe thead th {\n",
       "        text-align: right;\n",
       "    }\n",
       "</style>\n",
       "<table border=\"1\" class=\"dataframe\">\n",
       "  <thead>\n",
       "    <tr style=\"text-align: right;\">\n",
       "      <th></th>\n",
       "      <th>0</th>\n",
       "      <th>1</th>\n",
       "      <th>2</th>\n",
       "      <th>3</th>\n",
       "      <th>4</th>\n",
       "      <th>5</th>\n",
       "      <th>6</th>\n",
       "      <th>7</th>\n",
       "      <th>8</th>\n",
       "      <th>9</th>\n",
       "    </tr>\n",
       "  </thead>\n",
       "  <tbody>\n",
       "    <tr>\n",
       "      <th>0</th>\n",
       "      <td>5.439696</td>\n",
       "      <td>-6.073035</td>\n",
       "      <td>-1.396192</td>\n",
       "      <td>-1.200533</td>\n",
       "      <td>-1.883151</td>\n",
       "      <td>1.538885</td>\n",
       "      <td>1.140741</td>\n",
       "      <td>3.815137</td>\n",
       "      <td>4.272002</td>\n",
       "      <td>-1.768738</td>\n",
       "    </tr>\n",
       "    <tr>\n",
       "      <th>1</th>\n",
       "      <td>-6.073035</td>\n",
       "      <td>26.628901</td>\n",
       "      <td>4.908024</td>\n",
       "      <td>-3.481055</td>\n",
       "      <td>1.891577</td>\n",
       "      <td>-1.707625</td>\n",
       "      <td>-0.354335</td>\n",
       "      <td>-8.082946</td>\n",
       "      <td>-9.617490</td>\n",
       "      <td>4.385865</td>\n",
       "    </tr>\n",
       "    <tr>\n",
       "      <th>2</th>\n",
       "      <td>-1.396192</td>\n",
       "      <td>4.908024</td>\n",
       "      <td>2.950499</td>\n",
       "      <td>1.666133</td>\n",
       "      <td>0.065267</td>\n",
       "      <td>-0.626416</td>\n",
       "      <td>-1.154597</td>\n",
       "      <td>-2.288900</td>\n",
       "      <td>-1.901412</td>\n",
       "      <td>0.358904</td>\n",
       "    </tr>\n",
       "    <tr>\n",
       "      <th>3</th>\n",
       "      <td>-1.200533</td>\n",
       "      <td>-3.481055</td>\n",
       "      <td>1.666133</td>\n",
       "      <td>19.274911</td>\n",
       "      <td>-1.516972</td>\n",
       "      <td>-1.040525</td>\n",
       "      <td>-3.710439</td>\n",
       "      <td>-2.485796</td>\n",
       "      <td>4.454368</td>\n",
       "      <td>-3.864826</td>\n",
       "    </tr>\n",
       "    <tr>\n",
       "      <th>4</th>\n",
       "      <td>-1.883151</td>\n",
       "      <td>1.891577</td>\n",
       "      <td>0.065267</td>\n",
       "      <td>-1.516972</td>\n",
       "      <td>5.098746</td>\n",
       "      <td>-0.773294</td>\n",
       "      <td>-0.245350</td>\n",
       "      <td>-1.936284</td>\n",
       "      <td>-2.342839</td>\n",
       "      <td>-1.404050</td>\n",
       "    </tr>\n",
       "    <tr>\n",
       "      <th>5</th>\n",
       "      <td>1.538885</td>\n",
       "      <td>-1.707625</td>\n",
       "      <td>-0.626416</td>\n",
       "      <td>-1.040525</td>\n",
       "      <td>-0.773294</td>\n",
       "      <td>4.682567</td>\n",
       "      <td>0.463797</td>\n",
       "      <td>0.693157</td>\n",
       "      <td>2.721477</td>\n",
       "      <td>-1.271778</td>\n",
       "    </tr>\n",
       "    <tr>\n",
       "      <th>6</th>\n",
       "      <td>1.140741</td>\n",
       "      <td>-0.354335</td>\n",
       "      <td>-1.154597</td>\n",
       "      <td>-3.710439</td>\n",
       "      <td>-0.245350</td>\n",
       "      <td>0.463797</td>\n",
       "      <td>4.452628</td>\n",
       "      <td>0.764510</td>\n",
       "      <td>-0.176666</td>\n",
       "      <td>-0.256987</td>\n",
       "    </tr>\n",
       "    <tr>\n",
       "      <th>7</th>\n",
       "      <td>3.815137</td>\n",
       "      <td>-8.082946</td>\n",
       "      <td>-2.288900</td>\n",
       "      <td>-2.485796</td>\n",
       "      <td>-1.936284</td>\n",
       "      <td>0.693157</td>\n",
       "      <td>0.764510</td>\n",
       "      <td>7.820446</td>\n",
       "      <td>3.496136</td>\n",
       "      <td>-1.726842</td>\n",
       "    </tr>\n",
       "    <tr>\n",
       "      <th>8</th>\n",
       "      <td>4.272002</td>\n",
       "      <td>-9.617490</td>\n",
       "      <td>-1.901412</td>\n",
       "      <td>4.454368</td>\n",
       "      <td>-2.342839</td>\n",
       "      <td>2.721477</td>\n",
       "      <td>-0.176666</td>\n",
       "      <td>3.496136</td>\n",
       "      <td>12.267476</td>\n",
       "      <td>-4.055112</td>\n",
       "    </tr>\n",
       "    <tr>\n",
       "      <th>9</th>\n",
       "      <td>-1.768738</td>\n",
       "      <td>4.385865</td>\n",
       "      <td>0.358904</td>\n",
       "      <td>-3.864826</td>\n",
       "      <td>-1.404050</td>\n",
       "      <td>-1.271778</td>\n",
       "      <td>-0.256987</td>\n",
       "      <td>-1.726842</td>\n",
       "      <td>-4.055112</td>\n",
       "      <td>4.503204</td>\n",
       "    </tr>\n",
       "  </tbody>\n",
       "</table>\n",
       "</div>"
      ],
      "text/plain": [
       "          0          1         2          3         4         5         6  \\\n",
       "0  5.439696  -6.073035 -1.396192  -1.200533 -1.883151  1.538885  1.140741   \n",
       "1 -6.073035  26.628901  4.908024  -3.481055  1.891577 -1.707625 -0.354335   \n",
       "2 -1.396192   4.908024  2.950499   1.666133  0.065267 -0.626416 -1.154597   \n",
       "3 -1.200533  -3.481055  1.666133  19.274911 -1.516972 -1.040525 -3.710439   \n",
       "4 -1.883151   1.891577  0.065267  -1.516972  5.098746 -0.773294 -0.245350   \n",
       "5  1.538885  -1.707625 -0.626416  -1.040525 -0.773294  4.682567  0.463797   \n",
       "6  1.140741  -0.354335 -1.154597  -3.710439 -0.245350  0.463797  4.452628   \n",
       "7  3.815137  -8.082946 -2.288900  -2.485796 -1.936284  0.693157  0.764510   \n",
       "8  4.272002  -9.617490 -1.901412   4.454368 -2.342839  2.721477 -0.176666   \n",
       "9 -1.768738   4.385865  0.358904  -3.864826 -1.404050 -1.271778 -0.256987   \n",
       "\n",
       "          7          8         9  \n",
       "0  3.815137   4.272002 -1.768738  \n",
       "1 -8.082946  -9.617490  4.385865  \n",
       "2 -2.288900  -1.901412  0.358904  \n",
       "3 -2.485796   4.454368 -3.864826  \n",
       "4 -1.936284  -2.342839 -1.404050  \n",
       "5  0.693157   2.721477 -1.271778  \n",
       "6  0.764510  -0.176666 -0.256987  \n",
       "7  7.820446   3.496136 -1.726842  \n",
       "8  3.496136  12.267476 -4.055112  \n",
       "9 -1.726842  -4.055112  4.503204  "
      ]
     },
     "execution_count": 10,
     "metadata": {},
     "output_type": "execute_result"
    }
   ],
   "source": [
    "pd.DataFrame(Vij)"
   ]
  },
  {
   "cell_type": "code",
   "execution_count": 11,
   "id": "449c1507",
   "metadata": {},
   "outputs": [
    {
     "data": {
      "text/plain": [
       "NoDur    3.345657\n",
       "Durbl    8.361852\n",
       "Manuf    5.310270\n",
       "Enrgy    6.081524\n",
       "HiTec    5.381191\n",
       "Telcm    4.448284\n",
       "Shops    4.093786\n",
       "Hlth     3.787172\n",
       "Utils    3.701763\n",
       "Other    5.582452\n",
       "dtype: float64"
      ]
     },
     "execution_count": 11,
     "metadata": {},
     "output_type": "execute_result"
    }
   ],
   "source": [
    "tracking_error=industry_portfolios.std()\n",
    "tracking_error"
   ]
  },
  {
   "cell_type": "code",
   "execution_count": 12,
   "id": "5bac4506",
   "metadata": {},
   "outputs": [
    {
     "data": {
      "text/plain": [
       "array([ 0.15475   , -0.01475   ,  0.26475   ,  0.48308333,  0.01816667,\n",
       "        0.13333333,  0.16825   ,  0.03575   ,  0.15908333, -0.259     ])"
      ]
     },
     "execution_count": 12,
     "metadata": {},
     "output_type": "execute_result"
    }
   ],
   "source": [
    "mean_array=np.array(Ri)\n",
    "mean_array"
   ]
  },
  {
   "cell_type": "code",
   "execution_count": 13,
   "id": "2aa6b4f0",
   "metadata": {},
   "outputs": [
    {
     "data": {
      "text/plain": [
       "array([[ 5.43969574, -6.07303523, -1.39619166, -1.20053326, -1.88315088,\n",
       "         1.53888487,  1.14074116,  3.81513716,  4.27200187, -1.7687384 ],\n",
       "       [-6.07303523, 26.62890078,  4.90802359, -3.48105498,  1.89157693,\n",
       "        -1.70762521, -0.35433527, -8.08294641, -9.61749011,  4.38586529],\n",
       "       [-1.39619166,  4.90802359,  2.9504991 ,  1.66613313,  0.06526676,\n",
       "        -0.62641597, -1.15459666, -2.28889981, -1.90141158,  0.35890361],\n",
       "       [-1.20053326, -3.48105498,  1.66613313, 19.27491058, -1.51697245,\n",
       "        -1.04052465, -3.7104391 , -2.48579603,  4.4543684 , -3.8648258 ],\n",
       "       [-1.88315088,  1.89157693,  0.06526676, -1.51697245,  5.09874619,\n",
       "        -0.77329384, -0.24535029, -1.93628433, -2.34283867, -1.40405025],\n",
       "       [ 1.53888487, -1.70762521, -0.62641597, -1.04052465, -0.77329384,\n",
       "         4.68256695,  0.46379748,  0.69315714,  2.72147703, -1.27177815],\n",
       "       [ 1.14074116, -0.35433527, -1.15459666, -3.7104391 , -0.24535029,\n",
       "         0.46379748,  4.452628  ,  0.76451015, -0.17666632, -0.25698731],\n",
       "       [ 3.81513716, -8.08294641, -2.28889981, -2.48579603, -1.93628433,\n",
       "         0.69315714,  0.76451015,  7.82044649,  3.49613641, -1.72684193],\n",
       "       [ 4.27200187, -9.61749011, -1.90141158,  4.4543684 , -2.34283867,\n",
       "         2.72147703, -0.17666632,  3.49613641, 12.26747562, -4.05511168],\n",
       "       [-1.7687384 ,  4.38586529,  0.35890361, -3.8648258 , -1.40405025,\n",
       "        -1.27177815, -0.25698731, -1.72684193, -4.05511168,  4.50320403]])"
      ]
     },
     "execution_count": 13,
     "metadata": {},
     "output_type": "execute_result"
    }
   ],
   "source": [
    "cov_array=np.array(Vij)\n",
    "cov_array"
   ]
  },
  {
   "cell_type": "code",
   "execution_count": 14,
   "id": "c847c53b",
   "metadata": {},
   "outputs": [
    {
     "data": {
      "text/plain": [
       "array([[ 5.45383229e-01,  4.52282303e-02,  2.07945041e-01,\n",
       "         2.78363758e-01,  6.04680938e-01,  1.53595518e-01,\n",
       "         1.80487809e-01,  1.90500937e-01,  5.74650893e-02,\n",
       "         7.59500969e-01],\n",
       "       [ 4.52282303e-02,  8.96520899e-02, -8.74489380e-02,\n",
       "         3.89464036e-02,  4.29778706e-02,  6.25343163e-03,\n",
       "        -7.13876686e-04,  6.30519257e-02,  2.71023736e-02,\n",
       "         3.45527748e-02],\n",
       "       [ 2.07945041e-01, -8.74489380e-02,  1.13979978e+00,\n",
       "         4.02051132e-01,  1.05645736e+00,  3.70594533e-01,\n",
       "         5.77248304e-01,  6.14377150e-01,  3.04562775e-01,\n",
       "         1.39790823e+00],\n",
       "       [ 2.78363758e-01,  3.89464036e-02,  4.02051132e-01,\n",
       "         5.06498392e-01,  9.53963540e-01,  3.57385466e-01,\n",
       "         4.62025059e-01,  5.39514740e-01,  1.89783184e-01,\n",
       "         1.27657562e+00],\n",
       "       [ 6.04680938e-01,  4.29778706e-02,  1.05645736e+00,\n",
       "         9.53963540e-01,  2.30237254e+00,  7.43644981e-01,\n",
       "         9.52973363e-01,  1.15990395e+00,  5.37592942e-01,\n",
       "         2.84131790e+00],\n",
       "       [ 1.53595518e-01,  6.25343163e-03,  3.70594533e-01,\n",
       "         3.57385466e-01,  7.43644981e-01,  5.23995220e-01,\n",
       "         3.30645052e-01,  4.26827087e-01,  1.18802670e-01,\n",
       "         1.00079445e+00],\n",
       "       [ 1.80487809e-01, -7.13876686e-04,  5.77248304e-01,\n",
       "         4.62025059e-01,  9.52973363e-01,  3.30645052e-01,\n",
       "         7.23154850e-01,  5.34982793e-01,  2.49115367e-01,\n",
       "         1.28335939e+00],\n",
       "       [ 1.90500937e-01,  6.30519257e-02,  6.14377150e-01,\n",
       "         5.39514740e-01,  1.15990395e+00,  4.26827087e-01,\n",
       "         5.34982793e-01,  8.61344550e-01,  2.72588769e-01,\n",
       "         1.51596457e+00],\n",
       "       [ 5.74650893e-02,  2.71023736e-02,  3.04562775e-01,\n",
       "         1.89783184e-01,  5.37592942e-01,  1.18802670e-01,\n",
       "         2.49115367e-01,  2.72588769e-01,  3.04079902e-01,\n",
       "         7.28516164e-01],\n",
       "       [ 7.59500969e-01,  3.45527748e-02,  1.39790823e+00,\n",
       "         1.27657562e+00,  2.84131790e+00,  1.00079445e+00,\n",
       "         1.28335939e+00,  1.51596457e+00,  7.28516164e-01,\n",
       "         3.95004023e+00]])"
      ]
     },
     "execution_count": 14,
     "metadata": {},
     "output_type": "execute_result"
    }
   ],
   "source": [
    "cov_inverse=np.linalg.inv(cov_array)\n",
    "cov_inverse"
   ]
  },
  {
   "cell_type": "code",
   "execution_count": 15,
   "id": "be4e2b12",
   "metadata": {},
   "outputs": [
    {
     "data": {
      "text/plain": [
       "array([1., 1., 1., 1., 1., 1., 1., 1., 1., 1.])"
      ]
     },
     "execution_count": 15,
     "metadata": {},
     "output_type": "execute_result"
    }
   ],
   "source": [
    "e=np.ones(10)\n",
    "e"
   ]
  },
  {
   "cell_type": "code",
   "execution_count": 16,
   "id": "32b3d6be",
   "metadata": {},
   "outputs": [
    {
     "data": {
      "text/plain": [
       "array([1., 1., 1., 1., 1., 1., 1., 1., 1., 1.])"
      ]
     },
     "execution_count": 16,
     "metadata": {},
     "output_type": "execute_result"
    }
   ],
   "source": [
    "trans_e=np.array(e)\n",
    "trans_e"
   ]
  },
  {
   "cell_type": "code",
   "execution_count": 17,
   "id": "bdc4613e",
   "metadata": {},
   "outputs": [
    {
     "data": {
      "text/plain": [
       "2.9321278826306267"
      ]
     },
     "execution_count": 17,
     "metadata": {},
     "output_type": "execute_result"
    }
   ],
   "source": [
    "Alpha=mean_array@cov_inverse@e\n",
    "Alpha"
   ]
  },
  {
   "cell_type": "code",
   "execution_count": 18,
   "id": "1f736381",
   "metadata": {},
   "outputs": [
    {
     "data": {
      "text/plain": [
       "0.20474497351130097"
      ]
     },
     "execution_count": 18,
     "metadata": {},
     "output_type": "execute_result"
    }
   ],
   "source": [
    "Zeta=mean_array@cov_inverse@mean_array\n",
    "Zeta"
   ]
  },
  {
   "cell_type": "code",
   "execution_count": 19,
   "id": "d348f361",
   "metadata": {},
   "outputs": [
    {
     "data": {
      "text/plain": [
       "58.55025437639908"
      ]
     },
     "execution_count": 19,
     "metadata": {},
     "output_type": "execute_result"
    }
   ],
   "source": [
    "Delta=trans_e@cov_inverse@e\n",
    "Delta"
   ]
  },
  {
   "cell_type": "code",
   "execution_count": 20,
   "id": "57557d14",
   "metadata": {},
   "outputs": [
    {
     "data": {
      "text/plain": [
       "0.05007882397540075"
      ]
     },
     "execution_count": 20,
     "metadata": {},
     "output_type": "execute_result"
    }
   ],
   "source": [
    "Rmv=Alpha/Delta\n",
    "Rmv"
   ]
  },
  {
   "cell_type": "code",
   "execution_count": 45,
   "id": "9d6cc05a",
   "metadata": {},
   "outputs": [
    {
     "data": {
      "text/plain": [
       "array([0.    , 0.0005, 0.001 , 0.0015, 0.002 , 0.0025, 0.003 , 0.0035,\n",
       "       0.004 , 0.0045, 0.005 , 0.0055, 0.006 , 0.0065, 0.007 , 0.0075,\n",
       "       0.008 , 0.0085, 0.009 , 0.0095, 0.01  , 0.0105, 0.011 , 0.0115,\n",
       "       0.012 , 0.0125, 0.013 , 0.0135, 0.014 , 0.0145, 0.015 , 0.0155,\n",
       "       0.016 , 0.0165, 0.017 , 0.0175, 0.018 , 0.0185, 0.019 , 0.0195,\n",
       "       0.02  , 0.0205, 0.021 , 0.0215, 0.022 , 0.0225, 0.023 , 0.0235,\n",
       "       0.024 , 0.0245, 0.025 , 0.0255, 0.026 , 0.0265, 0.027 , 0.0275,\n",
       "       0.028 , 0.0285, 0.029 , 0.0295, 0.03  , 0.0305, 0.031 , 0.0315,\n",
       "       0.032 , 0.0325, 0.033 , 0.0335, 0.034 , 0.0345, 0.035 , 0.0355,\n",
       "       0.036 , 0.0365, 0.037 , 0.0375, 0.038 , 0.0385, 0.039 , 0.0395,\n",
       "       0.04  , 0.0405, 0.041 , 0.0415, 0.042 , 0.0425, 0.043 , 0.0435,\n",
       "       0.044 , 0.0445, 0.045 , 0.0455, 0.046 , 0.0465, 0.047 , 0.0475,\n",
       "       0.048 , 0.0485, 0.049 , 0.0495, 0.05  , 0.0505, 0.051 , 0.0515,\n",
       "       0.052 , 0.0525, 0.053 , 0.0535, 0.054 , 0.0545, 0.055 , 0.0555,\n",
       "       0.056 , 0.0565, 0.057 , 0.0575, 0.058 , 0.0585, 0.059 , 0.0595,\n",
       "       0.06  , 0.0605, 0.061 , 0.0615, 0.062 , 0.0625, 0.063 , 0.0635,\n",
       "       0.064 , 0.0645, 0.065 , 0.0655, 0.066 , 0.0665, 0.067 , 0.0675,\n",
       "       0.068 , 0.0685, 0.069 , 0.0695, 0.07  , 0.0705, 0.071 , 0.0715,\n",
       "       0.072 , 0.0725, 0.073 , 0.0735, 0.074 , 0.0745, 0.075 , 0.0755,\n",
       "       0.076 , 0.0765, 0.077 , 0.0775, 0.078 , 0.0785, 0.079 , 0.0795,\n",
       "       0.08  , 0.0805, 0.081 , 0.0815, 0.082 , 0.0825, 0.083 , 0.0835,\n",
       "       0.084 , 0.0845, 0.085 , 0.0855, 0.086 , 0.0865, 0.087 , 0.0875,\n",
       "       0.088 , 0.0885, 0.089 , 0.0895, 0.09  , 0.0905, 0.091 , 0.0915,\n",
       "       0.092 , 0.0925, 0.093 , 0.0935, 0.094 , 0.0945, 0.095 , 0.0955,\n",
       "       0.096 , 0.0965, 0.097 , 0.0975, 0.098 , 0.0985, 0.099 , 0.0995,\n",
       "       0.1   ])"
      ]
     },
     "execution_count": 45,
     "metadata": {},
     "output_type": "execute_result"
    }
   ],
   "source": [
    "Rp=np.linspace(0,0.1,201)\n",
    "Rp"
   ]
  },
  {
   "cell_type": "code",
   "execution_count": 46,
   "id": "67088a0a",
   "metadata": {},
   "outputs": [],
   "source": [
    "def var_of_return(x):\n",
    "    return (1/Delta) + Delta/[(Zeta*Delta-Alpha*Alpha)]*(x-Rmv)**2"
   ]
  },
  {
   "cell_type": "code",
   "execution_count": 47,
   "id": "964c1c4d",
   "metadata": {},
   "outputs": [
    {
     "data": {
      "text/plain": [
       "array([0.06038791, 0.05952741, 0.05867556, 0.05783234, 0.05699775,\n",
       "       0.0561718 , 0.05535448, 0.05454579, 0.05374575, 0.05295433,\n",
       "       0.05217155, 0.0513974 , 0.05063189, 0.04987502, 0.04912677,\n",
       "       0.04838717, 0.04765619, 0.04693385, 0.04622015, 0.04551508,\n",
       "       0.04481864, 0.04413084, 0.04345167, 0.04278114, 0.04211924,\n",
       "       0.04146598, 0.04082135, 0.04018536, 0.039558  , 0.03893927,\n",
       "       0.03832918, 0.03772772, 0.0371349 , 0.03655071, 0.03597516,\n",
       "       0.03540824, 0.03484996, 0.03430031, 0.03375929, 0.03322691,\n",
       "       0.03270316, 0.03218805, 0.03168157, 0.03118373, 0.03069452,\n",
       "       0.03021395, 0.02974201, 0.0292787 , 0.02882403, 0.028378  ,\n",
       "       0.0279406 , 0.02751183, 0.0270917 , 0.0266802 , 0.02627733,\n",
       "       0.0258831 , 0.02549751, 0.02512055, 0.02475222, 0.02439253,\n",
       "       0.02404147, 0.02369905, 0.02336526, 0.02304011, 0.02272359,\n",
       "       0.02241571, 0.02211646, 0.02182584, 0.02154386, 0.02127051,\n",
       "       0.0210058 , 0.02074972, 0.02050228, 0.02026347, 0.02003329,\n",
       "       0.01981175, 0.01959885, 0.01939458, 0.01919894, 0.01901194,\n",
       "       0.01883357, 0.01866384, 0.01850274, 0.01835027, 0.01820644,\n",
       "       0.01807125, 0.01794469, 0.01782676, 0.01771747, 0.01761681,\n",
       "       0.01752479, 0.0174414 , 0.01736664, 0.01730053, 0.01724304,\n",
       "       0.01719419, 0.01715397, 0.01712239, 0.01709944, 0.01708513,\n",
       "       0.01707945, 0.01708241, 0.017094  , 0.01711422, 0.01714308,\n",
       "       0.01718058, 0.01722671, 0.01728147, 0.01734487, 0.0174169 ,\n",
       "       0.01749756, 0.01758686, 0.0176848 , 0.01779137, 0.01790657,\n",
       "       0.01803041, 0.01816288, 0.01830399, 0.01845373, 0.01861211,\n",
       "       0.01877912, 0.01895477, 0.01913905, 0.01933196, 0.01953351,\n",
       "       0.01974369, 0.01996251, 0.02018996, 0.02042605, 0.02067077,\n",
       "       0.02092413, 0.02118612, 0.02145674, 0.021736  , 0.02202389,\n",
       "       0.02232042, 0.02262558, 0.02293938, 0.02326181, 0.02359288,\n",
       "       0.02393258, 0.02428091, 0.02463788, 0.02500348, 0.02537772,\n",
       "       0.0257606 , 0.0261521 , 0.02655224, 0.02696102, 0.02737843,\n",
       "       0.02780448, 0.02823915, 0.02868247, 0.02913442, 0.029595  ,\n",
       "       0.03006422, 0.03054207, 0.03102855, 0.03152368, 0.03202743,\n",
       "       0.03253982, 0.03306084, 0.0335905 , 0.0341288 , 0.03467572,\n",
       "       0.03523128, 0.03579548, 0.03636831, 0.03694978, 0.03753988,\n",
       "       0.03813861, 0.03874598, 0.03936198, 0.03998662, 0.04061989,\n",
       "       0.0412618 , 0.04191234, 0.04257152, 0.04323933, 0.04391577,\n",
       "       0.04460085, 0.04529456, 0.04599691, 0.04670789, 0.04742751,\n",
       "       0.04815576, 0.04889265, 0.04963817, 0.05039232, 0.05115511,\n",
       "       0.05192653, 0.05270659, 0.05349528, 0.05429261, 0.05509857,\n",
       "       0.05591317, 0.0567364 , 0.05756826, 0.05840876, 0.0592579 ,\n",
       "       0.06011566])"
      ]
     },
     "execution_count": 47,
     "metadata": {},
     "output_type": "execute_result"
    }
   ],
   "source": [
    "Var_p=var_of_return(Rp)\n",
    "Var_p"
   ]
  },
  {
   "cell_type": "code",
   "execution_count": 48,
   "id": "2e7b4075",
   "metadata": {},
   "outputs": [
    {
     "data": {
      "text/plain": [
       "array([0.24573951, 0.24398241, 0.24223038, 0.24048355, 0.23874201,\n",
       "       0.2370059 , 0.23527533, 0.23355041, 0.23183129, 0.23011808,\n",
       "       0.22841092, 0.22670996, 0.22501532, 0.22332715, 0.2216456 ,\n",
       "       0.21997083, 0.21830298, 0.21664222, 0.21498872, 0.21334263,\n",
       "       0.21170414, 0.21007342, 0.20845065, 0.20683602, 0.20522973,\n",
       "       0.20363197, 0.20204294, 0.20046286, 0.19889192, 0.19733036,\n",
       "       0.19577839, 0.19423626, 0.19270418, 0.19118241, 0.18967119,\n",
       "       0.18817078, 0.18668143, 0.18520342, 0.18373702, 0.1822825 ,\n",
       "       0.18084016, 0.17941029, 0.17799319, 0.17658916, 0.17519853,\n",
       "       0.1738216 , 0.17245872, 0.17111021, 0.16977642, 0.1684577 ,\n",
       "       0.16715441, 0.1658669 , 0.16459555, 0.16334074, 0.16210285,\n",
       "       0.16088227, 0.15967939, 0.15849463, 0.15732839, 0.15618108,\n",
       "       0.15505313, 0.15394496, 0.152857  , 0.15178969, 0.15074346,\n",
       "       0.14971875, 0.14871602, 0.14773571, 0.14677826, 0.14584413,\n",
       "       0.14493377, 0.14404763, 0.14318616, 0.14234981, 0.14153902,\n",
       "       0.14075423, 0.13999588, 0.13926441, 0.13856024, 0.13788378,\n",
       "       0.13723545, 0.13661565, 0.13602477, 0.13546318, 0.13493125,\n",
       "       0.13442934, 0.13395778, 0.13351689, 0.13310698, 0.13272833,\n",
       "       0.13238122, 0.13206589, 0.13178257, 0.13153146, 0.13131276,\n",
       "       0.13112662, 0.13097318, 0.13085255, 0.13076484, 0.1307101 ,\n",
       "       0.13068838, 0.13069969, 0.13074402, 0.13082134, 0.1309316 ,\n",
       "       0.1310747 , 0.13125054, 0.131459  , 0.13169991, 0.13197309,\n",
       "       0.13227836, 0.13261548, 0.13298421, 0.13338429, 0.13381544,\n",
       "       0.13427737, 0.13476975, 0.13529225, 0.13584452, 0.13642621,\n",
       "       0.13703694, 0.13767631, 0.13834394, 0.13903942, 0.13976233,\n",
       "       0.14051225, 0.14128875, 0.14209139, 0.14291973, 0.14377333,\n",
       "       0.14465174, 0.14555451, 0.1464812 , 0.14743134, 0.14840449,\n",
       "       0.1494002 , 0.15041803, 0.15145752, 0.15251823, 0.15359973,\n",
       "       0.15470158, 0.15582334, 0.15696459, 0.1581249 , 0.15930387,\n",
       "       0.16050108, 0.16171612, 0.16294859, 0.16419811, 0.16546429,\n",
       "       0.16674674, 0.1680451 , 0.16935899, 0.17068807, 0.17203197,\n",
       "       0.17339036, 0.17476289, 0.17614924, 0.17754908, 0.17896209,\n",
       "       0.18038797, 0.18182641, 0.18327712, 0.1847398 , 0.18621418,\n",
       "       0.18769999, 0.18919694, 0.19070478, 0.19222325, 0.1937521 ,\n",
       "       0.19529109, 0.19683998, 0.19839855, 0.19996655, 0.20154377,\n",
       "       0.20313   , 0.20472503, 0.20632866, 0.20794068, 0.2095609 ,\n",
       "       0.21118913, 0.21282519, 0.2144689 , 0.21612009, 0.21777858,\n",
       "       0.21944421, 0.22111681, 0.22279624, 0.22448234, 0.22617495,\n",
