{
 "cells": [
  {
   "cell_type": "code",
   "execution_count": 100,
   "id": "f213b712",
   "metadata": {},
   "outputs": [],
   "source": [
    "import numpy as np\n",
    "import pandas as pd\n",
    "from pandas import Series,DataFrame\n",
    "from matplotlib import pyplot as plt\n",
    "from scipy.stats import linregress\n",
    "from sklearn import linear_model"
   ]
  },
  {
   "cell_type": "code",
   "execution_count": 4,
   "id": "1dbc6aee",
   "metadata": {},
   "outputs": [
    {
     "name": "stderr",
     "output_type": "stream",
     "text": [
      "D:\\anaconda\\Lib\\site-packages\\openpyxl\\worksheet\\_read_only.py:79: UserWarning: Unknown extension is not supported and will be removed\n",
      "  for idx, row in parser.parse():\n"
     ]
    },
    {
     "data": {
      "text/html": [
       "<div>\n",
       "<style scoped>\n",
       "    .dataframe tbody tr th:only-of-type {\n",
       "        vertical-align: middle;\n",
       "    }\n",
       "\n",
       "    .dataframe tbody tr th {\n",
       "        vertical-align: top;\n",
       "    }\n",
       "\n",
       "    .dataframe thead th {\n",
       "        text-align: right;\n",
       "    }\n",
       "</style>\n",
       "<table border=\"1\" class=\"dataframe\">\n",
       "  <thead>\n",
       "    <tr style=\"text-align: right;\">\n",
       "      <th></th>\n",
       "      <th>NoDur</th>\n",
       "      <th>Durbl</th>\n",
       "      <th>Manuf</th>\n",
       "      <th>Enrgy</th>\n",
       "      <th>HiTec</th>\n",
       "      <th>Telcm</th>\n",
       "      <th>Shops</th>\n",
       "      <th>Hlth</th>\n",
       "      <th>Utils</th>\n",
       "      <th>Other</th>\n",
       "    </tr>\n",
       "    <tr>\n",
       "      <th>Date</th>\n",
       "      <th></th>\n",
       "      <th></th>\n",
       "      <th></th>\n",
       "      <th></th>\n",
       "      <th></th>\n",
       "      <th></th>\n",
       "      <th></th>\n",
       "      <th></th>\n",
       "      <th></th>\n",
       "      <th></th>\n",
       "    </tr>\n",
       "  </thead>\n",
       "  <tbody>\n",
       "    <tr>\n",
       "      <th>200401</th>\n",
       "      <td>0.06</td>\n",
       "      <td>-1.07</td>\n",
       "      <td>-0.62</td>\n",
       "      <td>0.44</td>\n",
       "      <td>4.53</td>\n",
       "      <td>1.41</td>\n",
       "      <td>0.45</td>\n",
       "      <td>3.09</td>\n",
       "      <td>1.92</td>\n",
       "      <td>2.88</td>\n",
       "    </tr>\n",
       "    <tr>\n",
       "      <th>200402</th>\n",
       "      <td>4.25</td>\n",
       "      <td>-0.07</td>\n",
       "      <td>1.95</td>\n",
       "      <td>4.69</td>\n",
       "      <td>-2.92</td>\n",
       "      <td>-0.52</td>\n",
       "      <td>6.09</td>\n",
       "      <td>0.89</td>\n",
       "      <td>2.07</td>\n",
       "      <td>2.16</td>\n",
       "    </tr>\n",
       "    <tr>\n",
       "      <th>200403</th>\n",
       "      <td>-0.09</td>\n",
       "      <td>-1.15</td>\n",
       "      <td>-0.27</td>\n",
       "      <td>-0.13</td>\n",
       "      <td>-2.55</td>\n",
       "      <td>-2.07</td>\n",
       "      <td>0.29</td>\n",
       "      <td>-3.96</td>\n",
       "      <td>1.13</td>\n",
       "      <td>-0.63</td>\n",
       "    </tr>\n",
       "    <tr>\n",
       "      <th>200404</th>\n",
       "      <td>1.42</td>\n",
       "      <td>2.30</td>\n",
       "      <td>-0.17</td>\n",
       "      <td>2.52</td>\n",
       "      <td>-4.91</td>\n",
       "      <td>-0.48</td>\n",
       "      <td>-2.70</td>\n",
       "      <td>3.54</td>\n",
       "      <td>-3.55</td>\n",
       "      <td>-3.76</td>\n",
       "    </tr>\n",
       "    <tr>\n",
       "      <th>200405</th>\n",
       "      <td>-1.89</td>\n",
       "      <td>-1.64</td>\n",
       "      <td>1.61</td>\n",
       "      <td>0.39</td>\n",
       "      <td>4.85</td>\n",
       "      <td>-2.95</td>\n",
       "      <td>0.30</td>\n",
       "      <td>-0.42</td>\n",
       "      <td>1.28</td>\n",
       "      <td>1.86</td>\n",
       "    </tr>\n",
       "    <tr>\n",
       "      <th>...</th>\n",
       "      <td>...</td>\n",
       "      <td>...</td>\n",
       "      <td>...</td>\n",
       "      <td>...</td>\n",
       "      <td>...</td>\n",
       "      <td>...</td>\n",
       "      <td>...</td>\n",
       "      <td>...</td>\n",
       "      <td>...</td>\n",
       "      <td>...</td>\n",
       "    </tr>\n",
       "    <tr>\n",
       "      <th>201308</th>\n",
       "      <td>-4.00</td>\n",
       "      <td>-1.00</td>\n",
       "      <td>-1.95</td>\n",
       "      <td>-1.83</td>\n",
       "      <td>-0.12</td>\n",
       "      <td>-3.28</td>\n",
       "      <td>-4.21</td>\n",
       "      <td>-3.49</td>\n",
       "      <td>-4.43</td>\n",
       "      <td>-3.66</td>\n",
       "    </tr>\n",
       "    <tr>\n",
       "      <th>201309</th>\n",
       "      <td>1.94</td>\n",
       "      <td>6.46</td>\n",
       "      <td>5.20</td>\n",
       "      <td>2.03</td>\n",
       "      <td>3.77</td>\n",
       "      <td>4.33</td>\n",
       "      <td>4.46</td>\n",
       "      <td>4.19</td>\n",
       "      <td>1.05</td>\n",
       "      <td>3.83</td>\n",
       "    </tr>\n",
       "    <tr>\n",
       "      <th>201310</th>\n",
       "      <td>4.75</td>\n",
       "      <td>0.72</td>\n",
       "      <td>4.56</td>\n",
       "      <td>4.86</td>\n",
       "      <td>3.80</td>\n",
       "      <td>5.52</td>\n",
       "      <td>5.08</td>\n",
       "      <td>3.47</td>\n",
       "      <td>3.35</td>\n",
       "      <td>3.87</td>\n",
       "    </tr>\n",
       "    <tr>\n",
       "      <th>201311</th>\n",
       "      <td>1.29</td>\n",
       "      <td>1.81</td>\n",
       "      <td>2.95</td>\n",
       "      <td>0.85</td>\n",
       "      <td>3.65</td>\n",
       "      <td>0.27</td>\n",
       "      <td>3.67</td>\n",
       "      <td>4.54</td>\n",
       "      <td>-1.81</td>\n",
       "      <td>4.74</td>\n",
       "    </tr>\n",
       "    <tr>\n",
       "      <th>201312</th>\n",
       "      <td>2.65</td>\n",
       "      <td>1.18</td>\n",
       "      <td>3.13</td>\n",
       "      <td>2.95</td>\n",
       "      <td>4.04</td>\n",
       "      <td>3.96</td>\n",
       "      <td>0.20</td>\n",
       "      <td>0.71</td>\n",
       "      <td>1.79</td>\n",
       "      <td>3.11</td>\n",
       "    </tr>\n",
       "  </tbody>\n",
       "</table>\n",
       "<p>120 rows × 10 columns</p>\n",
       "</div>"
      ],
      "text/plain": [
       "        NoDur  Durbl  Manuf  Enrgy  HiTec  Telcm  Shops  Hlth  Utils  Other\n",
       "Date                                                                       \n",
       "200401   0.06  -1.07  -0.62   0.44   4.53   1.41   0.45  3.09   1.92   2.88\n",
       "200402   4.25  -0.07   1.95   4.69  -2.92  -0.52   6.09  0.89   2.07   2.16\n",
       "200403  -0.09  -1.15  -0.27  -0.13  -2.55  -2.07   0.29 -3.96   1.13  -0.63\n",
       "200404   1.42   2.30  -0.17   2.52  -4.91  -0.48  -2.70  3.54  -3.55  -3.76\n",
       "200405  -1.89  -1.64   1.61   0.39   4.85  -2.95   0.30 -0.42   1.28   1.86\n",
       "...       ...    ...    ...    ...    ...    ...    ...   ...    ...    ...\n",
       "201308  -4.00  -1.00  -1.95  -1.83  -0.12  -3.28  -4.21 -3.49  -4.43  -3.66\n",
       "201309   1.94   6.46   5.20   2.03   3.77   4.33   4.46  4.19   1.05   3.83\n",
       "201310   4.75   0.72   4.56   4.86   3.80   5.52   5.08  3.47   3.35   3.87\n",
       "201311   1.29   1.81   2.95   0.85   3.65   0.27   3.67  4.54  -1.81   4.74\n",
       "201312   2.65   1.18   3.13   2.95   4.04   3.96   0.20  0.71   1.79   3.11\n",
       "\n",
       "[120 rows x 10 columns]"
      ]
     },
     "execution_count": 4,
     "metadata": {},
     "output_type": "execute_result"
    }
   ],
   "source": [
    "portfolio = pd.read_excel(\"Industry_Portfolios.xlsx\",index_col = \"Date\")\n",
    "portfolio"
   ]
  },
  {
   "cell_type": "code",
   "execution_count": 8,
   "id": "4b0648ad",
   "metadata": {},
   "outputs": [
    {
     "name": "stderr",
     "output_type": "stream",
     "text": [
      "D:\\anaconda\\Lib\\site-packages\\openpyxl\\worksheet\\_read_only.py:79: UserWarning: Unknown extension is not supported and will be removed\n",
      "  for idx, row in parser.parse():\n"
     ]
    },
    {
     "data": {
      "text/html": [
       "<div>\n",
       "<style scoped>\n",
       "    .dataframe tbody tr th:only-of-type {\n",
       "        vertical-align: middle;\n",
       "    }\n",
       "\n",
       "    .dataframe tbody tr th {\n",
       "        vertical-align: top;\n",
       "    }\n",
       "\n",
       "    .dataframe thead th {\n",
       "        text-align: right;\n",
       "    }\n",
       "</style>\n",
       "<table border=\"1\" class=\"dataframe\">\n",
       "  <thead>\n",
       "    <tr style=\"text-align: right;\">\n",
       "      <th></th>\n",
       "      <th>Market</th>\n",
       "    </tr>\n",
       "    <tr>\n",
       "      <th>Date</th>\n",
       "      <th></th>\n",
       "    </tr>\n",
       "  </thead>\n",
       "  <tbody>\n",
       "    <tr>\n",
       "      <th>200401</th>\n",
       "      <td>2.22</td>\n",
       "    </tr>\n",
       "    <tr>\n",
       "      <th>200402</th>\n",
       "      <td>1.46</td>\n",
       "    </tr>\n",
       "    <tr>\n",
       "      <th>200403</th>\n",
       "      <td>-1.23</td>\n",
       "    </tr>\n",
       "    <tr>\n",
       "      <th>200404</th>\n",
       "      <td>-1.75</td>\n",
       "    </tr>\n",
       "    <tr>\n",
       "      <th>200405</th>\n",
       "      <td>1.23</td>\n",
       "    </tr>\n",
       "    <tr>\n",
       "      <th>...</th>\n",
       "      <td>...</td>\n",
       "    </tr>\n",
       "    <tr>\n",
       "      <th>201308</th>\n",
       "      <td>-2.69</td>\n",
       "    </tr>\n",
       "    <tr>\n",
       "      <th>201309</th>\n",
       "      <td>3.76</td>\n",
       "    </tr>\n",
       "    <tr>\n",
       "      <th>201310</th>\n",
       "      <td>4.17</td>\n",
       "    </tr>\n",
       "    <tr>\n",
       "      <th>201311</th>\n",
       "      <td>3.12</td>\n",
       "    </tr>\n",
       "    <tr>\n",
       "      <th>201312</th>\n",
       "      <td>2.81</td>\n",
       "    </tr>\n",
       "  </tbody>\n",
       "</table>\n",
       "<p>120 rows × 1 columns</p>\n",
       "</div>"
      ],
      "text/plain": [
       "        Market\n",
       "Date          \n",
       "200401    2.22\n",
       "200402    1.46\n",
       "200403   -1.23\n",
       "200404   -1.75\n",
       "200405    1.23\n",
       "...        ...\n",
       "201308   -2.69\n",
       "201309    3.76\n",
       "201310    4.17\n",
       "201311    3.12\n",
       "201312    2.81\n",
       "\n",
       "[120 rows x 1 columns]"
      ]
     },
     "execution_count": 8,
     "metadata": {},
     "output_type": "execute_result"
    }
   ],
   "source": [
    "market = pd.read_excel(\"Market_Portfolio.xlsx\",index_col=\"Date\")\n",
    "market"
   ]
  },
  {
   "cell_type": "code",
   "execution_count": 11,
   "id": "bf02a665",
   "metadata": {},
   "outputs": [
    {
     "data": {
      "text/html": [
       "<div>\n",
       "<style scoped>\n",
       "    .dataframe tbody tr th:only-of-type {\n",
       "        vertical-align: middle;\n",
       "    }\n",
       "\n",
       "    .dataframe tbody tr th {\n",
       "        vertical-align: top;\n",
       "    }\n",
       "\n",
       "    .dataframe thead th {\n",
       "        text-align: right;\n",
       "    }\n",
       "</style>\n",
       "<table border=\"1\" class=\"dataframe\">\n",
       "  <thead>\n",
       "    <tr style=\"text-align: right;\">\n",
       "      <th></th>\n",
       "      <th>NoDur</th>\n",
       "      <th>Durbl</th>\n",
       "      <th>Manuf</th>\n",
       "      <th>Enrgy</th>\n",
       "      <th>HiTec</th>\n",
       "      <th>Telcm</th>\n",
       "      <th>Shops</th>\n",
       "      <th>Hlth</th>\n",
       "      <th>Utils</th>\n",
       "      <th>Other</th>\n",
       "    </tr>\n",
       "    <tr>\n",
       "      <th>Date</th>\n",
       "      <th></th>\n",
       "      <th></th>\n",
       "      <th></th>\n",
       "      <th></th>\n",
       "      <th></th>\n",
       "      <th></th>\n",
       "      <th></th>\n",
       "      <th></th>\n",
       "      <th></th>\n",
       "      <th></th>\n",
       "    </tr>\n",
       "  </thead>\n",
       "  <tbody>\n",
       "    <tr>\n",
       "      <th>200401</th>\n",
       "      <td>-2.16</td>\n",
       "      <td>-3.29</td>\n",
       "      <td>-2.84</td>\n",
       "      <td>-1.78</td>\n",
       "      <td>2.31</td>\n",
       "      <td>-0.81</td>\n",
       "      <td>-1.77</td>\n",
       "      <td>0.87</td>\n",
       "      <td>-0.30</td>\n",
       "      <td>0.66</td>\n",
       "    </tr>\n",
       "    <tr>\n",
       "      <th>200402</th>\n",
       "      <td>2.79</td>\n",
       "      <td>-1.53</td>\n",
       "      <td>0.49</td>\n",
       "      <td>3.23</td>\n",
       "      <td>-4.38</td>\n",
       "      <td>-1.98</td>\n",
       "      <td>4.63</td>\n",
       "      <td>-0.57</td>\n",
       "      <td>0.61</td>\n",
       "      <td>0.70</td>\n",
       "    </tr>\n",
       "    <tr>\n",
       "      <th>200403</th>\n",
       "      <td>1.14</td>\n",
       "      <td>0.08</td>\n",
       "      <td>0.96</td>\n",
       "      <td>1.10</td>\n",
       "      <td>-1.32</td>\n",
       "      <td>-0.84</td>\n",
       "      <td>1.52</td>\n",
       "      <td>-2.73</td>\n",
       "      <td>2.36</td>\n",
       "      <td>0.60</td>\n",
       "    </tr>\n",
       "    <tr>\n",
       "      <th>200404</th>\n",
       "      <td>3.17</td>\n",
       "      <td>4.05</td>\n",
       "      <td>1.58</td>\n",
       "      <td>4.27</td>\n",
       "      <td>-3.16</td>\n",
       "      <td>1.27</td>\n",
       "      <td>-0.95</td>\n",
       "      <td>5.29</td>\n",
       "      <td>-1.80</td>\n",
       "      <td>-2.01</td>\n",
       "    </tr>\n",
       "    <tr>\n",
       "      <th>200405</th>\n",
       "      <td>-3.12</td>\n",
       "      <td>-2.87</td>\n",
       "      <td>0.38</td>\n",
       "      <td>-0.84</td>\n",
       "      <td>3.62</td>\n",
       "      <td>-4.18</td>\n",
       "      <td>-0.93</td>\n",
       "      <td>-1.65</td>\n",
       "      <td>0.05</td>\n",
       "      <td>0.63</td>\n",
       "    </tr>\n",
       "    <tr>\n",
       "      <th>...</th>\n",
       "      <td>...</td>\n",
       "      <td>...</td>\n",
       "      <td>...</td>\n",
       "      <td>...</td>\n",
       "      <td>...</td>\n",
       "      <td>...</td>\n",
       "      <td>...</td>\n",
       "      <td>...</td>\n",
       "      <td>...</td>\n",
       "      <td>...</td>\n",
       "    </tr>\n",
       "    <tr>\n",
       "      <th>201308</th>\n",
       "      <td>-1.31</td>\n",
       "      <td>1.69</td>\n",
       "      <td>0.74</td>\n",
       "      <td>0.86</td>\n",
       "      <td>2.57</td>\n",
       "      <td>-0.59</td>\n",
       "      <td>-1.52</td>\n",
       "      <td>-0.80</td>\n",
       "      <td>-1.74</td>\n",
       "      <td>-0.97</td>\n",
       "    </tr>\n",
       "    <tr>\n",
       "      <th>201309</th>\n",
       "      <td>-1.82</td>\n",
       "      <td>2.70</td>\n",
       "      <td>1.44</td>\n",
       "      <td>-1.73</td>\n",
       "      <td>0.01</td>\n",
       "      <td>0.57</td>\n",
       "      <td>0.70</td>\n",
       "      <td>0.43</td>\n",
       "      <td>-2.71</td>\n",
       "      <td>0.07</td>\n",
       "    </tr>\n",
       "    <tr>\n",
       "      <th>201310</th>\n",
       "      <td>0.58</td>\n",
       "      <td>-3.45</td>\n",
       "      <td>0.39</td>\n",
       "      <td>0.69</td>\n",
       "      <td>-0.37</td>\n",
       "      <td>1.35</td>\n",
       "      <td>0.91</td>\n",
       "      <td>-0.70</td>\n",
       "      <td>-0.82</td>\n",
       "      <td>-0.30</td>\n",
       "    </tr>\n",
       "    <tr>\n",
       "      <th>201311</th>\n",
       "      <td>-1.83</td>\n",
       "      <td>-1.31</td>\n",
       "      <td>-0.17</td>\n",
       "      <td>-2.27</td>\n",
       "      <td>0.53</td>\n",
       "      <td>-2.85</td>\n",
       "      <td>0.55</td>\n",
       "      <td>1.42</td>\n",
       "      <td>-4.93</td>\n",
       "      <td>1.62</td>\n",
       "    </tr>\n",
       "    <tr>\n",
       "      <th>201312</th>\n",
       "      <td>-0.16</td>\n",
       "      <td>-1.63</td>\n",
       "      <td>0.32</td>\n",
       "      <td>0.14</td>\n",
       "      <td>1.23</td>\n",
       "      <td>1.15</td>\n",
       "      <td>-2.61</td>\n",
       "      <td>-2.10</td>\n",
       "      <td>-1.02</td>\n",
       "      <td>0.30</td>\n",
       "    </tr>\n",
       "  </tbody>\n",
       "</table>\n",
       "<p>120 rows × 10 columns</p>\n",
       "</div>"
      ],
      "text/plain": [
       "        NoDur  Durbl  Manuf  Enrgy  HiTec  Telcm  Shops  Hlth  Utils  Other\n",
       "Date                                                                       \n",
       "200401  -2.16  -3.29  -2.84  -1.78   2.31  -0.81  -1.77  0.87  -0.30   0.66\n",
       "200402   2.79  -1.53   0.49   3.23  -4.38  -1.98   4.63 -0.57   0.61   0.70\n",
       "200403   1.14   0.08   0.96   1.10  -1.32  -0.84   1.52 -2.73   2.36   0.60\n",
       "200404   3.17   4.05   1.58   4.27  -3.16   1.27  -0.95  5.29  -1.80  -2.01\n",
       "200405  -3.12  -2.87   0.38  -0.84   3.62  -4.18  -0.93 -1.65   0.05   0.63\n",
       "...       ...    ...    ...    ...    ...    ...    ...   ...    ...    ...\n",
       "201308  -1.31   1.69   0.74   0.86   2.57  -0.59  -1.52 -0.80  -1.74  -0.97\n",
       "201309  -1.82   2.70   1.44  -1.73   0.01   0.57   0.70  0.43  -2.71   0.07\n",
       "201310   0.58  -3.45   0.39   0.69  -0.37   1.35   0.91 -0.70  -0.82  -0.30\n",
       "201311  -1.83  -1.31  -0.17  -2.27   0.53  -2.85   0.55  1.42  -4.93   1.62\n",
       "201312  -0.16  -1.63   0.32   0.14   1.23   1.15  -2.61 -2.10  -1.02   0.30\n",
       "\n",
       "[120 rows x 10 columns]"
      ]
     },
     "execution_count": 11,
     "metadata": {},
     "output_type": "execute_result"
    }
   ],
   "source": [
    "a = portfolio-market.values\n",
    "a"
   ]
  },
  {
   "cell_type": "code",
   "execution_count": 111,
   "id": "43c2d06f",
   "metadata": {},
   "outputs": [
    {
     "data": {
      "text/html": [
       "<div>\n",
       "<style scoped>\n",
       "    .dataframe tbody tr th:only-of-type {\n",
       "        vertical-align: middle;\n",
       "    }\n",
       "\n",
       "    .dataframe tbody tr th {\n",
       "        vertical-align: top;\n",
       "    }\n",
       "\n",
       "    .dataframe thead th {\n",
       "        text-align: right;\n",
       "    }\n",
       "</style>\n",
       "<table border=\"1\" class=\"dataframe\">\n",
       "  <thead>\n",
       "    <tr style=\"text-align: right;\">\n",
       "      <th></th>\n",
       "      <th>Expected deviation from market return</th>\n",
       "    </tr>\n",
       "  </thead>\n",
       "  <tbody>\n",
       "    <tr>\n",
       "      <th>NoDur</th>\n",
       "      <td>0.154750</td>\n",
       "    </tr>\n",
       "    <tr>\n",
       "      <th>Durbl</th>\n",
       "      <td>-0.014750</td>\n",
       "    </tr>\n",
       "    <tr>\n",
       "      <th>Manuf</th>\n",
       "      <td>0.264750</td>\n",
       "    </tr>\n",
       "    <tr>\n",
       "      <th>Enrgy</th>\n",
       "      <td>0.483083</td>\n",
       "    </tr>\n",
       "    <tr>\n",
       "      <th>HiTec</th>\n",
       "      <td>0.018167</td>\n",
       "    </tr>\n",
       "    <tr>\n",
       "      <th>Telcm</th>\n",
       "      <td>0.133333</td>\n",
       "    </tr>\n",
       "    <tr>\n",
       "      <th>Shops</th>\n",
       "      <td>0.168250</td>\n",
       "    </tr>\n",
       "    <tr>\n",
       "      <th>Hlth</th>\n",
       "      <td>0.035750</td>\n",
       "    </tr>\n",
       "    <tr>\n",
       "      <th>Utils</th>\n",
       "      <td>0.159083</td>\n",
       "    </tr>\n",
       "    <tr>\n",
       "      <th>Other</th>\n",
       "      <td>-0.259000</td>\n",
       "    </tr>\n",
       "  </tbody>\n",
       "</table>\n",
       "</div>"
      ],
      "text/plain": [
       "       Expected deviation from market return\n",
       "NoDur                               0.154750\n",
       "Durbl                              -0.014750\n",
       "Manuf                               0.264750\n",
       "Enrgy                               0.483083\n",
       "HiTec                               0.018167\n",
       "Telcm                               0.133333\n",
       "Shops                               0.168250\n",
       "Hlth                                0.035750\n",
       "Utils                               0.159083\n",
       "Other                              -0.259000"
      ]
     },
     "execution_count": 111,
     "metadata": {},
     "output_type": "execute_result"
    }
   ],
   "source": [
    "mean_array = pd.DataFrame(mean_array,index=a.columns)\n",
    "mean_array.columns = [\"Expected deviation from market return\"]\n",
    "mean_array"
   ]
  },
  {
   "cell_type": "code",
   "execution_count": 17,
   "id": "8d3cd7c9",
   "metadata": {},
   "outputs": [
    {
     "data": {
      "text/plain": [
       "array([ 0.15475   , -0.01475   ,  0.26475   ,  0.48308333,  0.01816667,\n",
       "        0.13333333,  0.16825   ,  0.03575   ,  0.15908333, -0.259     ])"
      ]
     },
     "execution_count": 17,
     "metadata": {},
     "output_type": "execute_result"
    }
   ],
   "source": [
    "mean = a.mean()\n",
    "mean\n",
    "mean_array = np.array(mean)\n",
    "mean_array\n",
    "tran_mean = mean_array.T\n",
    "tran_mean"
   ]
  },
  {
   "cell_type": "code",
   "execution_count": 13,
   "id": "b660319e",
   "metadata": {},
   "outputs": [
    {
     "data": {
      "text/html": [
       "<div>\n",
       "<style scoped>\n",
       "    .dataframe tbody tr th:only-of-type {\n",
       "        vertical-align: middle;\n",
       "    }\n",
       "\n",
       "    .dataframe tbody tr th {\n",
       "        vertical-align: top;\n",
       "    }\n",
       "\n",
       "    .dataframe thead th {\n",
       "        text-align: right;\n",
       "    }\n",
       "</style>\n",
       "<table border=\"1\" class=\"dataframe\">\n",
       "  <thead>\n",
       "    <tr style=\"text-align: right;\">\n",
       "      <th></th>\n",
       "      <th>NoDur</th>\n",
       "      <th>Durbl</th>\n",
       "      <th>Manuf</th>\n",
       "      <th>Enrgy</th>\n",
       "      <th>HiTec</th>\n",
       "      <th>Telcm</th>\n",
       "      <th>Shops</th>\n",
       "      <th>Hlth</th>\n",
       "      <th>Utils</th>\n",
       "      <th>Other</th>\n",
       "    </tr>\n",
       "  </thead>\n",
       "  <tbody>\n",
       "    <tr>\n",
       "      <th>NoDur</th>\n",
       "      <td>5.439696</td>\n",
       "      <td>-6.073035</td>\n",
       "      <td>-1.396192</td>\n",
       "      <td>-1.200533</td>\n",
       "      <td>-1.883151</td>\n",
       "      <td>1.538885</td>\n",
       "      <td>1.140741</td>\n",
       "      <td>3.815137</td>\n",
       "      <td>4.272002</td>\n",
       "      <td>-1.768738</td>\n",
       "    </tr>\n",
       "    <tr>\n",
       "      <th>Durbl</th>\n",
       "      <td>-6.073035</td>\n",
       "      <td>26.628901</td>\n",
       "      <td>4.908024</td>\n",
       "      <td>-3.481055</td>\n",
       "      <td>1.891577</td>\n",
       "      <td>-1.707625</td>\n",
       "      <td>-0.354335</td>\n",
       "      <td>-8.082946</td>\n",
       "      <td>-9.617490</td>\n",
       "      <td>4.385865</td>\n",
       "    </tr>\n",
       "    <tr>\n",
       "      <th>Manuf</th>\n",
       "      <td>-1.396192</td>\n",
       "      <td>4.908024</td>\n",
       "      <td>2.950499</td>\n",
       "      <td>1.666133</td>\n",
       "      <td>0.065267</td>\n",
       "      <td>-0.626416</td>\n",
       "      <td>-1.154597</td>\n",
       "      <td>-2.288900</td>\n",
       "      <td>-1.901412</td>\n",
       "      <td>0.358904</td>\n",
       "    </tr>\n",
       "    <tr>\n",
       "      <th>Enrgy</th>\n",
       "      <td>-1.200533</td>\n",
       "      <td>-3.481055</td>\n",
       "      <td>1.666133</td>\n",
       "      <td>19.274911</td>\n",
       "      <td>-1.516972</td>\n",
       "      <td>-1.040525</td>\n",
       "      <td>-3.710439</td>\n",
       "      <td>-2.485796</td>\n",
       "      <td>4.454368</td>\n",
       "      <td>-3.864826</td>\n",
       "    </tr>\n",
       "    <tr>\n",
       "      <th>HiTec</th>\n",
       "      <td>-1.883151</td>\n",
       "      <td>1.891577</td>\n",
       "      <td>0.065267</td>\n",
       "      <td>-1.516972</td>\n",
       "      <td>5.098746</td>\n",
       "      <td>-0.773294</td>\n",
       "      <td>-0.245350</td>\n",
       "      <td>-1.936284</td>\n",
       "      <td>-2.342839</td>\n",
       "      <td>-1.404050</td>\n",
       "    </tr>\n",
       "    <tr>\n",
       "      <th>Telcm</th>\n",
       "      <td>1.538885</td>\n",
       "      <td>-1.707625</td>\n",
       "      <td>-0.626416</td>\n",
       "      <td>-1.040525</td>\n",
       "      <td>-0.773294</td>\n",
       "      <td>4.682567</td>\n",
       "      <td>0.463797</td>\n",
       "      <td>0.693157</td>\n",
       "      <td>2.721477</td>\n",
       "      <td>-1.271778</td>\n",
       "    </tr>\n",
       "    <tr>\n",
       "      <th>Shops</th>\n",
       "      <td>1.140741</td>\n",
       "      <td>-0.354335</td>\n",
       "      <td>-1.154597</td>\n",
       "      <td>-3.710439</td>\n",
       "      <td>-0.245350</td>\n",
       "      <td>0.463797</td>\n",
       "      <td>4.452628</td>\n",
       "      <td>0.764510</td>\n",
       "      <td>-0.176666</td>\n",
       "      <td>-0.256987</td>\n",
       "    </tr>\n",
       "    <tr>\n",
       "      <th>Hlth</th>\n",
       "      <td>3.815137</td>\n",
       "      <td>-8.082946</td>\n",
       "      <td>-2.288900</td>\n",
       "      <td>-2.485796</td>\n",
       "      <td>-1.936284</td>\n",
       "      <td>0.693157</td>\n",
       "      <td>0.764510</td>\n",
       "      <td>7.820446</td>\n",
       "      <td>3.496136</td>\n",
       "      <td>-1.726842</td>\n",
       "    </tr>\n",
       "    <tr>\n",
       "      <th>Utils</th>\n",
       "      <td>4.272002</td>\n",
       "      <td>-9.617490</td>\n",
       "      <td>-1.901412</td>\n",
       "      <td>4.454368</td>\n",
       "      <td>-2.342839</td>\n",
       "      <td>2.721477</td>\n",
       "      <td>-0.176666</td>\n",
       "      <td>3.496136</td>\n",
       "      <td>12.267476</td>\n",
       "      <td>-4.055112</td>\n",
       "    </tr>\n",
       "    <tr>\n",
       "      <th>Other</th>\n",
       "      <td>-1.768738</td>\n",
       "      <td>4.385865</td>\n",
       "      <td>0.358904</td>\n",
       "      <td>-3.864826</td>\n",
       "      <td>-1.404050</td>\n",
       "      <td>-1.271778</td>\n",
       "      <td>-0.256987</td>\n",
       "      <td>-1.726842</td>\n",
       "      <td>-4.055112</td>\n",
       "      <td>4.503204</td>\n",
       "    </tr>\n",
       "  </tbody>\n",
       "</table>\n",
       "</div>"
      ],
      "text/plain": [
       "          NoDur      Durbl     Manuf      Enrgy     HiTec     Telcm     Shops  \\\n",
       "NoDur  5.439696  -6.073035 -1.396192  -1.200533 -1.883151  1.538885  1.140741   \n",
       "Durbl -6.073035  26.628901  4.908024  -3.481055  1.891577 -1.707625 -0.354335   \n",
       "Manuf -1.396192   4.908024  2.950499   1.666133  0.065267 -0.626416 -1.154597   \n",
       "Enrgy -1.200533  -3.481055  1.666133  19.274911 -1.516972 -1.040525 -3.710439   \n",
       "HiTec -1.883151   1.891577  0.065267  -1.516972  5.098746 -0.773294 -0.245350   \n",
       "Telcm  1.538885  -1.707625 -0.626416  -1.040525 -0.773294  4.682567  0.463797   \n",
       "Shops  1.140741  -0.354335 -1.154597  -3.710439 -0.245350  0.463797  4.452628   \n",
       "Hlth   3.815137  -8.082946 -2.288900  -2.485796 -1.936284  0.693157  0.764510   \n",
       "Utils  4.272002  -9.617490 -1.901412   4.454368 -2.342839  2.721477 -0.176666   \n",
       "Other -1.768738   4.385865  0.358904  -3.864826 -1.404050 -1.271778 -0.256987   \n",
       "\n",
       "           Hlth      Utils     Other  \n",
       "NoDur  3.815137   4.272002 -1.768738  \n",
       "Durbl -8.082946  -9.617490  4.385865  \n",
       "Manuf -2.288900  -1.901412  0.358904  \n",
       "Enrgy -2.485796   4.454368 -3.864826  \n",
       "HiTec -1.936284  -2.342839 -1.404050  \n",
       "Telcm  0.693157   2.721477 -1.271778  \n",
       "Shops  0.764510  -0.176666 -0.256987  \n",
       "Hlth   7.820446   3.496136 -1.726842  \n",
       "Utils  3.496136  12.267476 -4.055112  \n",
       "Other -1.726842  -4.055112  4.503204  "
      ]
     },
     "execution_count": 13,
     "metadata": {},
     "output_type": "execute_result"
    }
   ],
   "source": [
    "cov = a.cov()\n",
    "cov"
   ]
  },
  {
   "cell_type": "code",
   "execution_count": 14,
   "id": "091bd01a",
   "metadata": {},
   "outputs": [
    {
     "data": {
      "text/plain": [
       "array([[ 5.43969574, -6.07303523, -1.39619166, -1.20053326, -1.88315088,\n",
       "         1.53888487,  1.14074116,  3.81513716,  4.27200187, -1.7687384 ],\n",
       "       [-6.07303523, 26.62890078,  4.90802359, -3.48105498,  1.89157693,\n",
       "        -1.70762521, -0.35433527, -8.08294641, -9.61749011,  4.38586529],\n",
       "       [-1.39619166,  4.90802359,  2.9504991 ,  1.66613313,  0.06526676,\n",
       "        -0.62641597, -1.15459666, -2.28889981, -1.90141158,  0.35890361],\n",
       "       [-1.20053326, -3.48105498,  1.66613313, 19.27491058, -1.51697245,\n",
       "        -1.04052465, -3.7104391 , -2.48579603,  4.4543684 , -3.8648258 ],\n",
       "       [-1.88315088,  1.89157693,  0.06526676, -1.51697245,  5.09874619,\n",
       "        -0.77329384, -0.24535029, -1.93628433, -2.34283867, -1.40405025],\n",
       "       [ 1.53888487, -1.70762521, -0.62641597, -1.04052465, -0.77329384,\n",
       "         4.68256695,  0.46379748,  0.69315714,  2.72147703, -1.27177815],\n",
       "       [ 1.14074116, -0.35433527, -1.15459666, -3.7104391 , -0.24535029,\n",
       "         0.46379748,  4.452628  ,  0.76451015, -0.17666632, -0.25698731],\n",
       "       [ 3.81513716, -8.08294641, -2.28889981, -2.48579603, -1.93628433,\n",
       "         0.69315714,  0.76451015,  7.82044649,  3.49613641, -1.72684193],\n",
       "       [ 4.27200187, -9.61749011, -1.90141158,  4.4543684 , -2.34283867,\n",
       "         2.72147703, -0.17666632,  3.49613641, 12.26747562, -4.05511168],\n",
       "       [-1.7687384 ,  4.38586529,  0.35890361, -3.8648258 , -1.40405025,\n",
       "        -1.27177815, -0.25698731, -1.72684193, -4.05511168,  4.50320403]])"
      ]
     },
     "execution_count": 14,
     "metadata": {},
     "output_type": "execute_result"
    }
   ],
   "source": [
    "cov_array = np.array(cov)\n",
    "cov_array"
   ]
  },
  {
   "cell_type": "code",
   "execution_count": 18,
   "id": "7e3db98c",
   "metadata": {},
   "outputs": [
    {
     "data": {
      "text/plain": [
       "array([[ 5.45383229e-01,  4.52282303e-02,  2.07945041e-01,\n",
       "         2.78363758e-01,  6.04680938e-01,  1.53595518e-01,\n",
       "         1.80487809e-01,  1.90500937e-01,  5.74650893e-02,\n",
       "         7.59500969e-01],\n",
       "       [ 4.52282303e-02,  8.96520899e-02, -8.74489380e-02,\n",
       "         3.89464036e-02,  4.29778706e-02,  6.25343163e-03,\n",
       "        -7.13876686e-04,  6.30519257e-02,  2.71023736e-02,\n",
       "         3.45527748e-02],\n",
       "       [ 2.07945041e-01, -8.74489380e-02,  1.13979978e+00,\n",
       "         4.02051132e-01,  1.05645736e+00,  3.70594533e-01,\n",
       "         5.77248304e-01,  6.14377150e-01,  3.04562775e-01,\n",
       "         1.39790823e+00],\n",
       "       [ 2.78363758e-01,  3.89464036e-02,  4.02051132e-01,\n",
       "         5.06498392e-01,  9.53963540e-01,  3.57385466e-01,\n",
       "         4.62025059e-01,  5.39514740e-01,  1.89783184e-01,\n",
       "         1.27657562e+00],\n",
       "       [ 6.04680938e-01,  4.29778706e-02,  1.05645736e+00,\n",
       "         9.53963540e-01,  2.30237254e+00,  7.43644981e-01,\n",
       "         9.52973363e-01,  1.15990395e+00,  5.37592942e-01,\n",
       "         2.84131790e+00],\n",
       "       [ 1.53595518e-01,  6.25343163e-03,  3.70594533e-01,\n",
       "         3.57385466e-01,  7.43644981e-01,  5.23995220e-01,\n",
       "         3.30645052e-01,  4.26827087e-01,  1.18802670e-01,\n",
       "         1.00079445e+00],\n",
       "       [ 1.80487809e-01, -7.13876686e-04,  5.77248304e-01,\n",
       "         4.62025059e-01,  9.52973363e-01,  3.30645052e-01,\n",
       "         7.23154850e-01,  5.34982793e-01,  2.49115367e-01,\n",
       "         1.28335939e+00],\n",
       "       [ 1.90500937e-01,  6.30519257e-02,  6.14377150e-01,\n",
       "         5.39514740e-01,  1.15990395e+00,  4.26827087e-01,\n",
       "         5.34982793e-01,  8.61344550e-01,  2.72588769e-01,\n",
       "         1.51596457e+00],\n",
       "       [ 5.74650893e-02,  2.71023736e-02,  3.04562775e-01,\n",
       "         1.89783184e-01,  5.37592942e-01,  1.18802670e-01,\n",
       "         2.49115367e-01,  2.72588769e-01,  3.04079902e-01,\n",
       "         7.28516164e-01],\n",
       "       [ 7.59500969e-01,  3.45527748e-02,  1.39790823e+00,\n",
       "         1.27657562e+00,  2.84131790e+00,  1.00079445e+00,\n",
       "         1.28335939e+00,  1.51596457e+00,  7.28516164e-01,\n",
       "         3.95004023e+00]])"
      ]
     },
     "execution_count": 18,
     "metadata": {},
     "output_type": "execute_result"
    }
   ],
   "source": [
    "inverse_cov = np.linalg.inv(cov_array)\n",
    "inverse_cov"
   ]
  },
  {
   "cell_type": "code",
   "execution_count": 20,
   "id": "ae29fcd0",
   "metadata": {},
   "outputs": [
    {
     "data": {
      "text/plain": [
       "0.20474497351130078"
      ]
     },
     "execution_count": 20,
     "metadata": {},
     "output_type": "execute_result"
    }
   ],
   "source": [
    "zeta = tran_mean@inverse_cov@mean_array\n",
    "zeta"
   ]
  },
  {
   "cell_type": "code",
   "execution_count": 21,
   "id": "60ea55c9",
   "metadata": {},
   "outputs": [
    {
     "data": {
      "text/plain": [
       "array([1., 1., 1., 1., 1., 1., 1., 1., 1., 1.])"
      ]
     },
     "execution_count": 21,
     "metadata": {},
     "output_type": "execute_result"
    }
   ],
   "source": [
    "identity_matrix = np.ones(10)\n",
    "identity_matrix"
   ]
  },
  {
   "cell_type": "code",
   "execution_count": 22,
   "id": "2902569e",
   "metadata": {},
   "outputs": [],
   "source": [
    "tran_identity = identity_matrix.T"
   ]
  },
  {
   "cell_type": "code",
   "execution_count": 23,
   "id": "f8634a57",
   "metadata": {},
   "outputs": [
    {
     "data": {
      "text/plain": [
       "2.932127882630633"
      ]
     },
     "execution_count": 23,
     "metadata": {},
     "output_type": "execute_result"
    }
   ],
   "source": [
    "alepha = tran_mean@inverse_cov@identity_matrix\n",
    "alepha"
   ]
  },
  {
   "cell_type": "code",
   "execution_count": 24,
   "id": "9d50c2ee",
   "metadata": {},
   "outputs": [
    {
     "data": {
      "text/plain": [
       "58.55025437639917"
      ]
     },
     "execution_count": 24,
     "metadata": {},
     "output_type": "execute_result"
    }
   ],
   "source": [
    "delta = tran_identity@inverse_cov@identity_matrix\n",
    "delta"
   ]
  },
  {
   "cell_type": "code",
   "execution_count": 25,
   "id": "5d25734c",
   "metadata": {},
   "outputs": [
    {
     "data": {
      "text/plain": [
       "0.050078823975400776"
      ]
     },
     "execution_count": 25,
     "metadata": {},
     "output_type": "execute_result"
    }
   ],
   "source": [
    "Rmv = alepha/delta\n",
    "Rmv"
   ]
  },
  {
   "cell_type": "code",
   "execution_count": 26,
   "id": "2832d9d5",
   "metadata": {},
   "outputs": [],
   "source": [
    "def variance_computing(item):\n",
    "    return 1/delta+[delta/(zeta*delta-alepha*alepha)]*(item-Rmv)*(item-Rmv)"
   ]
  },
  {
   "cell_type": "code",
   "execution_count": 27,
   "id": "5ccde9dc",
   "metadata": {},
   "outputs": [
    {
     "data": {
      "text/plain": [
       "array([0.    , 0.0005, 0.001 , 0.0015, 0.002 , 0.0025, 0.003 , 0.0035,\n",
       "       0.004 , 0.0045, 0.005 , 0.0055, 0.006 , 0.0065, 0.007 , 0.0075,\n",
       "       0.008 , 0.0085, 0.009 , 0.0095, 0.01  , 0.0105, 0.011 , 0.0115,\n",
       "       0.012 , 0.0125, 0.013 , 0.0135, 0.014 , 0.0145, 0.015 , 0.0155,\n",
       "       0.016 , 0.0165, 0.017 , 0.0175, 0.018 , 0.0185, 0.019 , 0.0195,\n",
       "       0.02  , 0.0205, 0.021 , 0.0215, 0.022 , 0.0225, 0.023 , 0.0235,\n",
       "       0.024 , 0.0245, 0.025 , 0.0255, 0.026 , 0.0265, 0.027 , 0.0275,\n",
       "       0.028 , 0.0285, 0.029 , 0.0295, 0.03  , 0.0305, 0.031 , 0.0315,\n",
       "       0.032 , 0.0325, 0.033 , 0.0335, 0.034 , 0.0345, 0.035 , 0.0355,\n",
       "       0.036 , 0.0365, 0.037 , 0.0375, 0.038 , 0.0385, 0.039 , 0.0395,\n",
       "       0.04  , 0.0405, 0.041 , 0.0415, 0.042 , 0.0425, 0.043 , 0.0435,\n",
       "       0.044 , 0.0445, 0.045 , 0.0455, 0.046 , 0.0465, 0.047 , 0.0475,\n",
       "       0.048 , 0.0485, 0.049 , 0.0495, 0.05  , 0.0505, 0.051 , 0.0515,\n",
       "       0.052 , 0.0525, 0.053 , 0.0535, 0.054 , 0.0545, 0.055 , 0.0555,\n",
       "       0.056 , 0.0565, 0.057 , 0.0575, 0.058 , 0.0585, 0.059 , 0.0595,\n",
       "       0.06  , 0.0605, 0.061 , 0.0615, 0.062 , 0.0625, 0.063 , 0.0635,\n",
       "       0.064 , 0.0645, 0.065 , 0.0655, 0.066 , 0.0665, 0.067 , 0.0675,\n",
       "       0.068 , 0.0685, 0.069 , 0.0695, 0.07  , 0.0705, 0.071 , 0.0715,\n",
       "       0.072 , 0.0725, 0.073 , 0.0735, 0.074 , 0.0745, 0.075 , 0.0755,\n",
       "       0.076 , 0.0765, 0.077 , 0.0775, 0.078 , 0.0785, 0.079 , 0.0795,\n",
       "       0.08  , 0.0805, 0.081 , 0.0815, 0.082 , 0.0825, 0.083 , 0.0835,\n",
       "       0.084 , 0.0845, 0.085 , 0.0855, 0.086 , 0.0865, 0.087 , 0.0875,\n",
       "       0.088 , 0.0885, 0.089 , 0.0895, 0.09  , 0.0905, 0.091 , 0.0915,\n",
       "       0.092 , 0.0925, 0.093 , 0.0935, 0.094 , 0.0945, 0.095 , 0.0955,\n",
       "       0.096 , 0.0965, 0.097 , 0.0975, 0.098 , 0.0985, 0.099 , 0.0995,\n",
       "       0.1   ])"
      ]
     },
     "execution_count": 27,
     "metadata": {},
     "output_type": "execute_result"
    }
   ],
   "source": [
    "rp = np.linspace(0,0.1,201)\n",
    "rp"
   ]
  },
  {
   "cell_type": "code",
   "execution_count": 29,
   "id": "cbfd1469",
   "metadata": {},
   "outputs": [
    {
     "data": {
      "text/plain": [
       "array([0.06038791, 0.05952741, 0.05867556, 0.05783234, 0.05699775,\n",
       "       0.0561718 , 0.05535448, 0.05454579, 0.05374575, 0.05295433,\n",
       "       0.05217155, 0.0513974 , 0.05063189, 0.04987502, 0.04912677,\n",
       "       0.04838717, 0.04765619, 0.04693385, 0.04622015, 0.04551508,\n",
       "       0.04481864, 0.04413084, 0.04345167, 0.04278114, 0.04211924,\n",
       "       0.04146598, 0.04082135, 0.04018536, 0.039558  , 0.03893927,\n",
       "       0.03832918, 0.03772772, 0.0371349 , 0.03655071, 0.03597516,\n",
