{
 "cells": [
  {
   "cell_type": "code",
   "execution_count": 1,
   "id": "1bcfb57d",
   "metadata": {},
   "outputs": [],
   "source": [
    "import numpy as np\n",
    "import pandas as pd\n",
    "from pandas import Series,DataFrame\n",
    "from matplotlib import pyplot as plt"
   ]
  },
  {
   "cell_type": "code",
   "execution_count": 2,
   "id": "9a47afb3",
   "metadata": {},
   "outputs": [
    {
     "name": "stderr",
     "output_type": "stream",
     "text": [
      "D:\\anaconda\\Lib\\site-packages\\openpyxl\\worksheet\\_read_only.py:79: UserWarning: Unknown extension is not supported and will be removed\n",
      "  for idx, row in parser.parse():\n"
     ]
    }
   ],
   "source": [
    "data = pd.read_excel(\"Industry_Portfolios.xlsx\",index_col = \"Date\")"
   ]
  },
  {
   "cell_type": "code",
   "execution_count": 3,
   "id": "8cc0f1a3",
   "metadata": {},
   "outputs": [
    {
     "data": {
      "text/html": [
       "<div>\n",
       "<style scoped>\n",
       "    .dataframe tbody tr th:only-of-type {\n",
       "        vertical-align: middle;\n",
       "    }\n",
       "\n",
       "    .dataframe tbody tr th {\n",
       "        vertical-align: top;\n",
       "    }\n",
       "\n",
       "    .dataframe thead th {\n",
       "        text-align: right;\n",
       "    }\n",
       "</style>\n",
       "<table border=\"1\" class=\"dataframe\">\n",
       "  <thead>\n",
       "    <tr style=\"text-align: right;\">\n",
       "      <th></th>\n",
       "      <th>NoDur</th>\n",
       "      <th>Durbl</th>\n",
       "      <th>Manuf</th>\n",
       "      <th>Enrgy</th>\n",
       "      <th>HiTec</th>\n",
       "      <th>Telcm</th>\n",
       "      <th>Shops</th>\n",
       "      <th>Hlth</th>\n",
       "      <th>Utils</th>\n",
       "      <th>Other</th>\n",
       "    </tr>\n",
       "    <tr>\n",
       "      <th>Date</th>\n",
       "      <th></th>\n",
       "      <th></th>\n",
       "      <th></th>\n",
       "      <th></th>\n",
       "      <th></th>\n",
       "      <th></th>\n",
       "      <th></th>\n",
       "      <th></th>\n",
       "      <th></th>\n",
       "      <th></th>\n",
       "    </tr>\n",
       "  </thead>\n",
       "  <tbody>\n",
       "    <tr>\n",
       "      <th>200401</th>\n",
       "      <td>0.06</td>\n",
       "      <td>-1.07</td>\n",
       "      <td>-0.62</td>\n",
       "      <td>0.44</td>\n",
       "      <td>4.53</td>\n",
       "      <td>1.41</td>\n",
       "      <td>0.45</td>\n",
       "      <td>3.09</td>\n",
       "      <td>1.92</td>\n",
       "      <td>2.88</td>\n",
       "    </tr>\n",
       "    <tr>\n",
       "      <th>200402</th>\n",
       "      <td>4.25</td>\n",
       "      <td>-0.07</td>\n",
       "      <td>1.95</td>\n",
       "      <td>4.69</td>\n",
       "      <td>-2.92</td>\n",
       "      <td>-0.52</td>\n",
       "      <td>6.09</td>\n",
       "      <td>0.89</td>\n",
       "      <td>2.07</td>\n",
       "      <td>2.16</td>\n",
       "    </tr>\n",
       "    <tr>\n",
       "      <th>200403</th>\n",
       "      <td>-0.09</td>\n",
       "      <td>-1.15</td>\n",
       "      <td>-0.27</td>\n",
       "      <td>-0.13</td>\n",
       "      <td>-2.55</td>\n",
       "      <td>-2.07</td>\n",
       "      <td>0.29</td>\n",
       "      <td>-3.96</td>\n",
       "      <td>1.13</td>\n",
       "      <td>-0.63</td>\n",
       "    </tr>\n",
       "    <tr>\n",
       "      <th>200404</th>\n",
       "      <td>1.42</td>\n",
       "      <td>2.30</td>\n",
       "      <td>-0.17</td>\n",
       "      <td>2.52</td>\n",
       "      <td>-4.91</td>\n",
       "      <td>-0.48</td>\n",
       "      <td>-2.70</td>\n",
       "      <td>3.54</td>\n",
       "      <td>-3.55</td>\n",
       "      <td>-3.76</td>\n",
       "    </tr>\n",
       "    <tr>\n",
       "      <th>200405</th>\n",
       "      <td>-1.89</td>\n",
       "      <td>-1.64</td>\n",
       "      <td>1.61</td>\n",
       "      <td>0.39</td>\n",
       "      <td>4.85</td>\n",
       "      <td>-2.95</td>\n",
       "      <td>0.30</td>\n",
       "      <td>-0.42</td>\n",
       "      <td>1.28</td>\n",
       "      <td>1.86</td>\n",
       "    </tr>\n",
       "    <tr>\n",
       "      <th>...</th>\n",
       "      <td>...</td>\n",
       "      <td>...</td>\n",
       "      <td>...</td>\n",
       "      <td>...</td>\n",
       "      <td>...</td>\n",
       "      <td>...</td>\n",
       "      <td>...</td>\n",
       "      <td>...</td>\n",
       "      <td>...</td>\n",
       "      <td>...</td>\n",
       "    </tr>\n",
       "    <tr>\n",
       "      <th>201308</th>\n",
       "      <td>-4.00</td>\n",
       "      <td>-1.00</td>\n",
       "      <td>-1.95</td>\n",
       "      <td>-1.83</td>\n",
       "      <td>-0.12</td>\n",
       "      <td>-3.28</td>\n",
       "      <td>-4.21</td>\n",
       "      <td>-3.49</td>\n",
       "      <td>-4.43</td>\n",
       "      <td>-3.66</td>\n",
       "    </tr>\n",
       "    <tr>\n",
       "      <th>201309</th>\n",
       "      <td>1.94</td>\n",
       "      <td>6.46</td>\n",
       "      <td>5.20</td>\n",
       "      <td>2.03</td>\n",
       "      <td>3.77</td>\n",
       "      <td>4.33</td>\n",
       "      <td>4.46</td>\n",
       "      <td>4.19</td>\n",
       "      <td>1.05</td>\n",
       "      <td>3.83</td>\n",
       "    </tr>\n",
       "    <tr>\n",
       "      <th>201310</th>\n",
       "      <td>4.75</td>\n",
       "      <td>0.72</td>\n",
       "      <td>4.56</td>\n",
       "      <td>4.86</td>\n",
       "      <td>3.80</td>\n",
       "      <td>5.52</td>\n",
       "      <td>5.08</td>\n",
       "      <td>3.47</td>\n",
       "      <td>3.35</td>\n",
       "      <td>3.87</td>\n",
       "    </tr>\n",
       "    <tr>\n",
       "      <th>201311</th>\n",
       "      <td>1.29</td>\n",
       "      <td>1.81</td>\n",
       "      <td>2.95</td>\n",
       "      <td>0.85</td>\n",
       "      <td>3.65</td>\n",
       "      <td>0.27</td>\n",
       "      <td>3.67</td>\n",
       "      <td>4.54</td>\n",
       "      <td>-1.81</td>\n",
       "      <td>4.74</td>\n",
       "    </tr>\n",
       "    <tr>\n",
       "      <th>201312</th>\n",
       "      <td>2.65</td>\n",
       "      <td>1.18</td>\n",
       "      <td>3.13</td>\n",
       "      <td>2.95</td>\n",
       "      <td>4.04</td>\n",
       "      <td>3.96</td>\n",
       "      <td>0.20</td>\n",
       "      <td>0.71</td>\n",
       "      <td>1.79</td>\n",
       "      <td>3.11</td>\n",
       "    </tr>\n",
       "  </tbody>\n",
       "</table>\n",
       "<p>120 rows × 10 columns</p>\n",
       "</div>"
      ],
      "text/plain": [
       "        NoDur  Durbl  Manuf  Enrgy  HiTec  Telcm  Shops  Hlth  Utils  Other\n",
       "Date                                                                       \n",
       "200401   0.06  -1.07  -0.62   0.44   4.53   1.41   0.45  3.09   1.92   2.88\n",
       "200402   4.25  -0.07   1.95   4.69  -2.92  -0.52   6.09  0.89   2.07   2.16\n",
       "200403  -0.09  -1.15  -0.27  -0.13  -2.55  -2.07   0.29 -3.96   1.13  -0.63\n",
       "200404   1.42   2.30  -0.17   2.52  -4.91  -0.48  -2.70  3.54  -3.55  -3.76\n",
       "200405  -1.89  -1.64   1.61   0.39   4.85  -2.95   0.30 -0.42   1.28   1.86\n",
       "...       ...    ...    ...    ...    ...    ...    ...   ...    ...    ...\n",
       "201308  -4.00  -1.00  -1.95  -1.83  -0.12  -3.28  -4.21 -3.49  -4.43  -3.66\n",
       "201309   1.94   6.46   5.20   2.03   3.77   4.33   4.46  4.19   1.05   3.83\n",
       "201310   4.75   0.72   4.56   4.86   3.80   5.52   5.08  3.47   3.35   3.87\n",
       "201311   1.29   1.81   2.95   0.85   3.65   0.27   3.67  4.54  -1.81   4.74\n",
       "201312   2.65   1.18   3.13   2.95   4.04   3.96   0.20  0.71   1.79   3.11\n",
       "\n",
       "[120 rows x 10 columns]"
      ]
     },
     "execution_count": 3,
     "metadata": {},
     "output_type": "execute_result"
    }
   ],
   "source": [
    "data"
   ]
  },
  {
   "cell_type": "code",
   "execution_count": 4,
   "id": "5c5b7a38",
   "metadata": {},
   "outputs": [],
   "source": [
    "column_means = data.mean()"
   ]
  },
  {
   "cell_type": "code",
   "execution_count": 5,
   "id": "4e12ddb4",
   "metadata": {},
   "outputs": [
    {
     "data": {
      "text/plain": [
       "NoDur    0.902833\n",
       "Durbl    0.733333\n",
       "Manuf    1.012833\n",
       "Enrgy    1.231167\n",
       "HiTec    0.766250\n",
       "Telcm    0.881417\n",
       "Shops    0.916333\n",
       "Hlth     0.783833\n",
       "Utils    0.907167\n",
       "Other    0.489083\n",
       "dtype: float64"
      ]
     },
     "execution_count": 5,
     "metadata": {},
     "output_type": "execute_result"
    }
   ],
   "source": [
    "column_means"
   ]
  },
  {
   "cell_type": "code",
   "execution_count": 6,
   "id": "07050d0d",
   "metadata": {},
   "outputs": [],
   "source": [
    "column_stddevs = data.std()"
   ]
  },
  {
   "cell_type": "code",
   "execution_count": 7,
   "id": "498cd73f",
   "metadata": {},
   "outputs": [
    {
     "data": {
      "text/plain": [
       "NoDur    3.345657\n",
       "Durbl    8.361852\n",
       "Manuf    5.310270\n",
       "Enrgy    6.081524\n",
       "HiTec    5.381191\n",
       "Telcm    4.448284\n",
       "Shops    4.093786\n",
       "Hlth     3.787172\n",
       "Utils    3.701763\n",
       "Other    5.582452\n",
       "dtype: float64"
      ]
     },
     "execution_count": 7,
     "metadata": {},
     "output_type": "execute_result"
    }
   ],
   "source": [
    "column_stddevs"
   ]
  },
  {
   "cell_type": "code",
   "execution_count": 8,
   "id": "33477c51",
   "metadata": {},
   "outputs": [],
   "source": [
    "summary_df = pd.DataFrame({\"Mean\":column_means,\"Standard_deviation\":column_stddevs})"
   ]
  },
  {
   "cell_type": "code",
   "execution_count": 9,
   "id": "e3ba2803",
   "metadata": {},
   "outputs": [
    {
     "data": {
      "text/html": [
       "<div>\n",
       "<style scoped>\n",
       "    .dataframe tbody tr th:only-of-type {\n",
       "        vertical-align: middle;\n",
       "    }\n",
       "\n",
       "    .dataframe tbody tr th {\n",
       "        vertical-align: top;\n",
       "    }\n",
       "\n",
       "    .dataframe thead th {\n",
       "        text-align: right;\n",
       "    }\n",
       "</style>\n",
       "<table border=\"1\" class=\"dataframe\">\n",
       "  <thead>\n",
       "    <tr style=\"text-align: right;\">\n",
       "      <th></th>\n",
       "      <th>Mean</th>\n",
       "      <th>Standard_deviation</th>\n",
       "    </tr>\n",
       "  </thead>\n",
       "  <tbody>\n",
       "    <tr>\n",
       "      <th>NoDur</th>\n",
       "      <td>0.902833</td>\n",
       "      <td>3.345657</td>\n",
       "    </tr>\n",
       "    <tr>\n",
       "      <th>Durbl</th>\n",
       "      <td>0.733333</td>\n",
       "      <td>8.361852</td>\n",
       "    </tr>\n",
       "    <tr>\n",
       "      <th>Manuf</th>\n",
       "      <td>1.012833</td>\n",
       "      <td>5.310270</td>\n",
       "    </tr>\n",
       "    <tr>\n",
       "      <th>Enrgy</th>\n",
       "      <td>1.231167</td>\n",
       "      <td>6.081524</td>\n",
       "    </tr>\n",
       "    <tr>\n",
       "      <th>HiTec</th>\n",
       "      <td>0.766250</td>\n",
       "      <td>5.381191</td>\n",
       "    </tr>\n",
       "    <tr>\n",
       "      <th>Telcm</th>\n",
       "      <td>0.881417</td>\n",
       "      <td>4.448284</td>\n",
       "    </tr>\n",
       "    <tr>\n",
       "      <th>Shops</th>\n",
       "      <td>0.916333</td>\n",
       "      <td>4.093786</td>\n",
       "    </tr>\n",
       "    <tr>\n",
       "      <th>Hlth</th>\n",
       "      <td>0.783833</td>\n",
       "      <td>3.787172</td>\n",
       "    </tr>\n",
       "    <tr>\n",
       "      <th>Utils</th>\n",
       "      <td>0.907167</td>\n",
       "      <td>3.701763</td>\n",
       "    </tr>\n",
       "    <tr>\n",
       "      <th>Other</th>\n",
       "      <td>0.489083</td>\n",
       "      <td>5.582452</td>\n",
       "    </tr>\n",
       "  </tbody>\n",
       "</table>\n",
       "</div>"
      ],
      "text/plain": [
       "           Mean  Standard_deviation\n",
       "NoDur  0.902833            3.345657\n",
       "Durbl  0.733333            8.361852\n",
       "Manuf  1.012833            5.310270\n",
       "Enrgy  1.231167            6.081524\n",
       "HiTec  0.766250            5.381191\n",
       "Telcm  0.881417            4.448284\n",
       "Shops  0.916333            4.093786\n",
       "Hlth   0.783833            3.787172\n",
       "Utils  0.907167            3.701763\n",
       "Other  0.489083            5.582452"
      ]
     },
     "execution_count": 9,
     "metadata": {},
     "output_type": "execute_result"
    }
   ],
   "source": [
    "summary_df"
   ]
  },
  {
   "cell_type": "code",
   "execution_count": 10,
   "id": "12d30b9f",
   "metadata": {},
   "outputs": [
    {
     "data": {
      "text/plain": [
       "Mean                  0.902833\n",
       "Standard_deviation    3.345657\n",
       "Name: NoDur, dtype: float64"
      ]
     },
     "execution_count": 10,
     "metadata": {},
     "output_type": "execute_result"
    }
   ],
   "source": [
    "summary_df.iloc[0]"
   ]
  },
  {
   "cell_type": "code",
   "execution_count": 11,
   "id": "f44058bb",
   "metadata": {},
   "outputs": [
    {
     "data": {
      "text/plain": [
       "NoDur    0.902833\n",
       "Durbl    0.733333\n",
       "Manuf    1.012833\n",
       "Enrgy    1.231167\n",
       "HiTec    0.766250\n",
       "Telcm    0.881417\n",
       "Shops    0.916333\n",
       "Hlth     0.783833\n",
       "Utils    0.907167\n",
       "Other    0.489083\n",
       "Name: Mean, dtype: float64"
      ]
     },
     "execution_count": 11,
     "metadata": {},
     "output_type": "execute_result"
    }
   ],
   "source": [
    "summary_df[\"Mean\"]"
   ]
  },
  {
   "cell_type": "code",
   "execution_count": 12,
   "id": "f1121682",
   "metadata": {},
   "outputs": [
    {
     "data": {
      "text/plain": [
       "NoDur    3.345657\n",
       "Durbl    8.361852\n",
       "Manuf    5.310270\n",
       "Enrgy    6.081524\n",
       "HiTec    5.381191\n",
       "Telcm    4.448284\n",
       "Shops    4.093786\n",
       "Hlth     3.787172\n",
       "Utils    3.701763\n",
       "Other    5.582452\n",
       "Name: Standard_deviation, dtype: float64"
      ]
     },
     "execution_count": 12,
     "metadata": {},
     "output_type": "execute_result"
    }
   ],
   "source": [
    "summary_df[\"Standard_deviation\"]"
   ]
  },
  {
   "cell_type": "code",
   "execution_count": 13,
   "id": "3253b838",
   "metadata": {},
   "outputs": [],
   "source": [
    "mean_array = np.array(summary_df[\"Mean\"])"
   ]
  },
  {
   "cell_type": "code",
   "execution_count": 14,
   "id": "5fc85f23",
   "metadata": {},
   "outputs": [
    {
     "data": {
      "text/plain": [
       "(10,)"
      ]
     },
     "execution_count": 14,
     "metadata": {},
     "output_type": "execute_result"
    }
   ],
   "source": [
    "mean_array.shape"
   ]
  },
  {
   "cell_type": "code",
   "execution_count": 15,
   "id": "e07ffc2a",
   "metadata": {},
   "outputs": [],
   "source": [
    "tran_mean = mean_array.T"
   ]
  },
  {
   "cell_type": "code",
   "execution_count": 16,
   "id": "fa47098b",
   "metadata": {},
   "outputs": [
    {
     "data": {
      "text/plain": [
       "(10,)"
      ]
     },
     "execution_count": 16,
     "metadata": {},
     "output_type": "execute_result"
    }
   ],
   "source": [
    "tran_mean.shape"
   ]
  },
  {
   "cell_type": "code",
   "execution_count": 17,
   "id": "e25b24b7",
   "metadata": {},
   "outputs": [],
   "source": [
    "cov = data.cov()"
   ]
  },
  {
   "cell_type": "code",
   "execution_count": 18,
   "id": "38daee9b",
   "metadata": {},
   "outputs": [
    {
     "data": {
      "text/html": [
       "<div>\n",
       "<style scoped>\n",
       "    .dataframe tbody tr th:only-of-type {\n",
       "        vertical-align: middle;\n",
       "    }\n",
       "\n",
       "    .dataframe tbody tr th {\n",
       "        vertical-align: top;\n",
       "    }\n",
       "\n",
       "    .dataframe thead th {\n",
       "        text-align: right;\n",
       "    }\n",
       "</style>\n",
       "<table border=\"1\" class=\"dataframe\">\n",
       "  <thead>\n",
       "    <tr style=\"text-align: right;\">\n",
       "      <th></th>\n",
       "      <th>NoDur</th>\n",
       "      <th>Durbl</th>\n",
       "      <th>Manuf</th>\n",
       "      <th>Enrgy</th>\n",
       "      <th>HiTec</th>\n",
       "      <th>Telcm</th>\n",
       "      <th>Shops</th>\n",
       "      <th>Hlth</th>\n",
       "      <th>Utils</th>\n",
       "      <th>Other</th>\n",
       "    </tr>\n",
       "  </thead>\n",
       "  <tbody>\n",
       "    <tr>\n",
       "      <th>NoDur</th>\n",
       "      <td>11.193422</td>\n",
       "      <td>18.449666</td>\n",
       "      <td>14.104907</td>\n",
       "      <td>10.531341</td>\n",
       "      <td>12.922949</td>\n",
       "      <td>11.968078</td>\n",
       "      <td>10.170832</td>\n",
       "      <td>9.953112</td>\n",
       "      <td>7.866653</td>\n",
       "      <td>14.438409</td>\n",
       "    </tr>\n",
       "    <tr>\n",
       "      <th>Durbl</th>\n",
       "      <td>18.449666</td>\n",
       "      <td>69.920577</td>\n",
       "      <td>39.178097</td>\n",
       "      <td>27.019794</td>\n",
       "      <td>35.466652</td>\n",
       "      <td>27.490543</td>\n",
       "      <td>27.444731</td>\n",
       "      <td>16.824003</td>\n",
       "      <td>12.746136</td>\n",
       "      <td>39.361987</td>\n",
       "    </tr>\n",
       "    <tr>\n",
       "      <th>Manuf</th>\n",
       "      <td>14.104907</td>\n",
       "      <td>39.178097</td>\n",
       "      <td>28.198970</td>\n",
       "      <td>23.145380</td>\n",
       "      <td>24.618739</td>\n",
       "      <td>19.550150</td>\n",
       "      <td>17.622867</td>\n",
       "      <td>13.596447</td>\n",
       "      <td>11.440612</td>\n",
       "      <td>26.313423</td>\n",
       "    </tr>\n",
       "    <tr>\n",
       "      <th>Enrgy</th>\n",
       "      <td>10.531341</td>\n",
       "      <td>27.019794</td>\n",
       "      <td>23.145380</td>\n",
       "      <td>36.984933</td>\n",
       "      <td>19.267276</td>\n",
       "      <td>15.366817</td>\n",
       "      <td>11.297800</td>\n",
       "      <td>9.630327</td>\n",
       "      <td>14.027168</td>\n",
       "      <td>18.320469</td>\n",
       "    </tr>\n",
       "    <tr>\n",
       "      <th>HiTec</th>\n",
       "      <td>12.922949</td>\n",
       "      <td>35.466652</td>\n",
       "      <td>24.618739</td>\n",
       "      <td>19.267276</td>\n",
       "      <td>28.957220</td>\n",
       "      <td>18.708273</td>\n",
       "      <td>17.837115</td>\n",
       "      <td>13.254064</td>\n",
       "      <td>10.304187</td>\n",
       "      <td>23.855470</td>\n",
       "    </tr>\n",
       "    <tr>\n",
       "      <th>Telcm</th>\n",
       "      <td>11.968078</td>\n",
       "      <td>27.490543</td>\n",
       "      <td>19.550150</td>\n",
       "      <td>15.366817</td>\n",
       "      <td>18.708273</td>\n",
       "      <td>19.787227</td>\n",
       "      <td>14.169356</td>\n",
       "      <td>11.506599</td>\n",
       "      <td>10.991596</td>\n",
       "      <td>19.610836</td>\n",
       "    </tr>\n",
       "    <tr>\n",
       "      <th>Shops</th>\n",
       "      <td>10.170832</td>\n",
       "      <td>27.444731</td>\n",
       "      <td>17.622867</td>\n",
       "      <td>11.297800</td>\n",
       "      <td>17.837115</td>\n",
       "      <td>14.169356</td>\n",
       "      <td>16.759084</td>\n",
       "      <td>10.178849</td>\n",
       "      <td>6.694350</td>\n",
       "      <td>19.226524</td>\n",
       "    </tr>\n",
       "    <tr>\n",
       "      <th>Hlth</th>\n",
       "      <td>9.953112</td>\n",
       "      <td>16.824003</td>\n",
       "      <td>13.596447</td>\n",
       "      <td>9.630327</td>\n",
       "      <td>13.254064</td>\n",
       "      <td>11.506599</td>\n",
       "      <td>10.178849</td>\n",
       "      <td>14.342669</td>\n",
       "      <td>7.475036</td>\n",
       "      <td>14.864553</td>\n",
       "    </tr>\n",
       "    <tr>\n",
       "      <th>Utils</th>\n",
       "      <td>7.866653</td>\n",
       "      <td>12.746136</td>\n",
       "      <td>11.440612</td>\n",
       "      <td>14.027168</td>\n",
       "      <td>10.304187</td>\n",
       "      <td>10.991596</td>\n",
       "      <td>6.694350</td>\n",
       "      <td>7.475036</td>\n",
       "      <td>13.703052</td>\n",
       "      <td>9.992960</td>\n",
       "    </tr>\n",
       "    <tr>\n",
       "      <th>Other</th>\n",
       "      <td>14.438409</td>\n",
       "      <td>39.361987</td>\n",
       "      <td>26.313423</td>\n",
       "      <td>18.320469</td>\n",
       "      <td>23.855470</td>\n",
       "      <td>19.610836</td>\n",
       "      <td>19.226524</td>\n",
       "      <td>14.864553</td>\n",
       "      <td>9.992960</td>\n",
       "      <td>31.163771</td>\n",
       "    </tr>\n",
       "  </tbody>\n",
       "</table>\n",
       "</div>"
      ],
      "text/plain": [
       "           NoDur      Durbl      Manuf      Enrgy      HiTec      Telcm  \\\n",
       "NoDur  11.193422  18.449666  14.104907  10.531341  12.922949  11.968078   \n",
       "Durbl  18.449666  69.920577  39.178097  27.019794  35.466652  27.490543   \n",
       "Manuf  14.104907  39.178097  28.198970  23.145380  24.618739  19.550150   \n",
       "Enrgy  10.531341  27.019794  23.145380  36.984933  19.267276  15.366817   \n",
       "HiTec  12.922949  35.466652  24.618739  19.267276  28.957220  18.708273   \n",
       "Telcm  11.968078  27.490543  19.550150  15.366817  18.708273  19.787227   \n",
       "Shops  10.170832  27.444731  17.622867  11.297800  17.837115  14.169356   \n",
       "Hlth    9.953112  16.824003  13.596447   9.630327  13.254064  11.506599   \n",
       "Utils   7.866653  12.746136  11.440612  14.027168  10.304187  10.991596   \n",
       "Other  14.438409  39.361987  26.313423  18.320469  23.855470  19.610836   \n",
       "\n",
       "           Shops       Hlth      Utils      Other  \n",
       "NoDur  10.170832   9.953112   7.866653  14.438409  \n",
       "Durbl  27.444731  16.824003  12.746136  39.361987  \n",
       "Manuf  17.622867  13.596447  11.440612  26.313423  \n",
       "Enrgy  11.297800   9.630327  14.027168  18.320469  \n",
       "HiTec  17.837115  13.254064  10.304187  23.855470  \n",
       "Telcm  14.169356  11.506599  10.991596  19.610836  \n",
       "Shops  16.759084  10.178849   6.694350  19.226524  \n",
       "Hlth   10.178849  14.342669   7.475036  14.864553  \n",
       "Utils   6.694350   7.475036  13.703052   9.992960  \n",
       "Other  19.226524  14.864553   9.992960  31.163771  "
      ]
     },
     "execution_count": 18,
     "metadata": {},
     "output_type": "execute_result"
    }
   ],
   "source": [
    "cov"
   ]
  },
  {
   "cell_type": "code",
   "execution_count": 19,
   "id": "528fb09d",
   "metadata": {},
   "outputs": [],
   "source": [
    "cov_array = np.array(cov)"
   ]
  },
  {
   "cell_type": "code",
   "execution_count": 20,
   "id": "699faa8a",
   "metadata": {},
   "outputs": [
    {
     "data": {
      "text/plain": [
       "array([[11.19342216, 18.44966611, 14.10490703, 10.5313412 , 12.92294937,\n",
       "        11.96807831, 10.17083232,  9.95311174,  7.86665347, 14.4384085 ],\n",
       "       [18.44966611, 69.92057703, 39.1780972 , 27.0197944 , 35.4666521 ,\n",
       "        27.49054314, 27.44473081, 16.82400308, 12.74613641, 39.36198711],\n",
       "       [14.10490703, 39.1780972 , 28.19897006, 23.14537986, 24.61873929,\n",
       "        19.55014973, 17.62286678, 13.59644703, 11.4406123 , 26.31342279],\n",
       "       [10.5313412 , 27.0197944 , 23.14537986, 36.98493308, 19.26727584,\n",
       "        15.36681682, 11.29780011,  9.63032658, 14.02716804, 18.32046915],\n",
       "       [12.92294937, 35.4666521 , 24.61873929, 19.26727584, 28.95722027,\n",
       "        18.70827342, 17.83711471, 13.25406408, 10.30418676, 23.85547048],\n",
       "       [11.96807831, 27.49054314, 19.55014973, 15.36681682, 18.70827342,\n",
       "        19.78722739, 14.16935566, 11.50659873, 10.99159564, 19.61083576],\n",
       "       [10.17083232, 27.44473081, 17.62286678, 11.29780011, 17.83711471,\n",
       "        14.16935566, 16.75908392, 10.17884947,  6.69435003, 19.22652434],\n",
       "       [ 9.95311174, 16.82400308, 13.59644703,  9.63032658, 13.25406408,\n",
       "        11.50659873, 10.17884947, 14.34266922,  7.47503616, 14.86455312],\n",
       "       [ 7.86665347, 12.74613641, 11.4406123 , 14.02716804, 10.30418676,\n",
       "        10.99159564,  6.69435003,  7.47503616, 13.70305241,  9.99296041],\n",
       "       [14.4384085 , 39.36198711, 26.31342279, 18.32046915, 23.85547048,\n",
       "        19.61083576, 19.22652434, 14.86455312,  9.99296041, 31.16377142]])"
      ]
     },
     "execution_count": 20,
     "metadata": {},
     "output_type": "execute_result"
    }
   ],
   "source": [
    "cov_array"
   ]
  },
  {
   "cell_type": "code",
   "execution_count": 21,
   "id": "83f0f4ca",
   "metadata": {},
   "outputs": [],
   "source": [
    "inverse_cov = np.linalg.inv(cov_array)"
   ]
  },
  {
   "cell_type": "code",
   "execution_count": 22,
   "id": "f33607dd",
   "metadata": {},
   "outputs": [
    {
     "data": {
      "text/plain": [
       "(10, 10)"
      ]
     },
     "execution_count": 22,
     "metadata": {},
     "output_type": "execute_result"
    }
   ],
   "source": [
    "inverse_cov.shape"
   ]
  },
  {
   "cell_type": "code",
   "execution_count": 23,
   "id": "d71c06d8",
   "metadata": {},
   "outputs": [],
   "source": [
    "zeta = tran_mean@inverse_cov@mean_array"
   ]
  },
  {
   "cell_type": "code",
   "execution_count": 24,
   "id": "8cc4769c",
   "metadata": {},
   "outputs": [
    {
     "data": {
      "text/plain": [
       "0.19640858464482275"
      ]
     },
     "execution_count": 24,
     "metadata": {},
     "output_type": "execute_result"
    }
   ],
   "source": [
    "zeta"
   ]
  },
  {
   "cell_type": "code",
   "execution_count": 25,
   "id": "2932e005",
   "metadata": {},
   "outputs": [],
   "source": [
    "identity_matrix = np.ones(10)"
   ]
  },
  {
   "cell_type": "code",
   "execution_count": 26,
   "id": "bd459106",
   "metadata": {},
   "outputs": [
    {
     "data": {
      "text/plain": [
       "array([1., 1., 1., 1., 1., 1., 1., 1., 1., 1.])"
      ]
     },
     "execution_count": 26,
     "metadata": {},
     "output_type": "execute_result"
    }
   ],
   "source": [
    "identity_matrix"
   ]
  },
  {
   "cell_type": "code",
   "execution_count": 27,
   "id": "1597b47e",
   "metadata": {},
   "outputs": [],
   "source": [
    "tran_identity = identity_matrix.T"
   ]
  },
  {
   "cell_type": "code",
   "execution_count": 28,
   "id": "5a1899a3",
   "metadata": {},
   "outputs": [
    {
     "data": {
      "text/plain": [
       "0.1379432386993189"
      ]
     },
     "execution_count": 28,
     "metadata": {},
     "output_type": "execute_result"
    }
   ],
   "source": [
    "alepha = tran_mean@inverse_cov@identity_matrix\n",
    "alepha"
   ]
  },
  {
   "cell_type": "code",
   "execution_count": 29,
   "id": "0424b598",
   "metadata": {},
   "outputs": [
    {
     "data": {
      "text/plain": [
       "0.1373875973567117"
      ]
     },
     "execution_count": 29,
     "metadata": {},
     "output_type": "execute_result"
    }
   ],
   "source": [
    "delta = tran_identity@inverse_cov@identity_matrix\n",
    "delta"
   ]
  },
  {
   "cell_type": "code",
   "execution_count": 30,
   "id": "f936fec3",
   "metadata": {},
   "outputs": [],
   "source": [
    "Rmv = alepha/delta"
   ]
  },
  {
   "cell_type": "code",
   "execution_count": 31,
   "id": "0a6e2de4",
   "metadata": {},
   "outputs": [
    {
     "data": {
      "text/plain": [
       "1.0040443340832619"
      ]
     },
     "execution_count": 31,
     "metadata": {},
     "output_type": "execute_result"
    }
   ],
   "source": [
    "Rmv"
   ]
  },
  {
   "cell_type": "code",
   "execution_count": 32,
   "id": "f566a417",
   "metadata": {},
   "outputs": [],
   "source": [
    "def variance_computing(item):\n",
    "    return 1/delta+[delta/(zeta*delta-alepha*alepha)]*(item-Rmv)*(item-Rmv)"
   ]
  },
  {
   "cell_type": "code",
   "execution_count": 37,
   "id": "1dcda631",
   "metadata": {},
   "outputs": [],
   "source": [
    "result = variance_computing(rp)"
   ]
  },
  {
   "cell_type": "code",
   "execution_count": 38,
   "id": "769a7a6b",
   "metadata": {},
   "outputs": [
    {
     "data": {
      "text/plain": [
       "array([24.68757549, 23.30093492, 21.97183347, 20.70027116, 19.48624799,\n",
       "       18.32976395, 17.23081905, 16.18941328, 15.20554665, 14.27921915,\n",
       "       13.41043079, 12.59918156, 11.84547147, 11.14930051, 10.51066869,\n",
       "        9.92957601,  9.40602246,  8.94000804,  8.53153276,  8.18059662,\n",
       "        7.88719961,  7.65134173,  7.47302299,  7.35224339,  7.28900292,\n",
       "        7.28330159,  7.33513939,  7.44451633,  7.6114324 ,  7.83588761,\n",
       "        8.11788195,  8.45741543,  8.85448804,  9.30909979,  9.82125067,\n",
       "       10.39094069, 11.01816985, 11.70293814, 12.44524556, 13.24509212,\n",
       "       14.10247782, 15.01740265, 15.98986661, 17.01986971, 18.10741195,\n",
       "       19.25249332, 20.45511383, 21.71527347, 23.03297225, 24.40821016])"
      ]
     },
     "execution_count": 38,
     "metadata": {},
     "output_type": "execute_result"
    }
   ],
   "source": [
    "result"
   ]
  },
  {
   "cell_type": "code",
   "execution_count": 39,
   "id": "eac43b1b",
   "metadata": {},
   "outputs": [],
   "source": [
    "rp = np.linspace(0,2)"
   ]
  },
  {
   "cell_type": "code",
   "execution_count": 40,
   "id": "deed7af6",
   "metadata": {},
   "outputs": [
    {
     "data": {
      "text/plain": [
       "(50,)"
      ]
     },
     "execution_count": 40,
     "metadata": {},
     "output_type": "execute_result"
    }
   ],
   "source": [
    "rp.shape"
   ]
  },
  {
   "cell_type": "code",
   "execution_count": 41,
   "id": "1f95d8c6",
   "metadata": {},
   "outputs": [],
   "source": [
    "sqrt_result = np.sqrt(result)"
   ]
  },
  {
   "cell_type": "code",
   "execution_count": 42,
   "id": "c320e402",
   "metadata": {},
   "outputs": [
    {
     "data": {
      "text/plain": [
       "array([4.96865933, 4.8271042 , 4.68741224, 4.54975507, 4.41432305,\n",
       "       4.28132736, 4.15100217, 4.023607  , 3.89942902, 3.77878541,\n",
       "       3.6620255 , 3.54953258, 3.44172507, 3.33905683, 3.24201615,\n",
       "       3.15112298, 3.06692394, 2.98998462, 2.92087877, 2.86017423,\n",
       "       2.80841585, 2.76610588, 2.73368305, 2.71150205, 2.69981535,\n",
       "       2.69875927, 2.70834625, 2.7284641 , 2.75888245, 2.79926555,\n",
       "       2.8491897 , 2.90816358, 2.97564918, 3.05108174, 3.13388747,\n",
       "       3.22349821, 3.31936287, 3.42095573, 3.52778196, 3.63938073,\n",
       "       3.75532659, 3.87522937, 3.99873313, 4.12551448, 4.25528048,\n",
       "       4.38776632, 4.522733  , 4.65996496, 4.79926789, 4.94046659])"
      ]
     },
     "execution_count": 42,
     "metadata": {},
     "output_type": "execute_result"
    }
   ],
   "source": [
    "sqrt_result"
   ]
  },
  {
   "cell_type": "code",
   "execution_count": 85,
   "id": "2c5e7dca",
   "metadata": {},
   "outputs": [
    {
     "data": {
