{
 "cells": [
  {
   "cell_type": "code",
   "execution_count": 2,
   "id": "8cb3deef",
   "metadata": {},
   "outputs": [],
   "source": [
    "import pandas as pd\n",
    "import numpy as np\n",
    "import matplotlib.pyplot as plt\n",
    "import seaborn as sns"
   ]
  },
  {
   "cell_type": "code",
   "execution_count": 3,
   "id": "7831d2e8",
   "metadata": {},
   "outputs": [
    {
     "name": "stderr",
     "output_type": "stream",
     "text": [
      "D:\\anaconda\\Lib\\site-packages\\openpyxl\\worksheet\\_read_only.py:79: UserWarning: Unknown extension is not supported and will be removed\n",
      "  for idx, row in parser.parse():\n"
     ]
    }
   ],
   "source": [
    "industry_portfolios = pd.read_excel('Industry_Portfolios.xlsx', index_col = 0)"
   ]
  },
  {
   "cell_type": "code",
   "execution_count": 4,
   "id": "146666d1",
   "metadata": {},
   "outputs": [
    {
     "data": {
      "text/html": [
       "<div>\n",
       "<style scoped>\n",
       "    .dataframe tbody tr th:only-of-type {\n",
       "        vertical-align: middle;\n",
       "    }\n",
       "\n",
       "    .dataframe tbody tr th {\n",
       "        vertical-align: top;\n",
       "    }\n",
       "\n",
       "    .dataframe thead th {\n",
       "        text-align: right;\n",
       "    }\n",
       "</style>\n",
       "<table border=\"1\" class=\"dataframe\">\n",
       "  <thead>\n",
       "    <tr style=\"text-align: right;\">\n",
       "      <th></th>\n",
       "      <th>Mean</th>\n",
       "    </tr>\n",
       "  </thead>\n",
       "  <tbody>\n",
       "    <tr>\n",
       "      <th>NoDur</th>\n",
       "      <td>0.902833</td>\n",
       "    </tr>\n",
       "    <tr>\n",
       "      <th>Durbl</th>\n",
       "      <td>0.733333</td>\n",
       "    </tr>\n",
       "    <tr>\n",
       "      <th>Manuf</th>\n",
       "      <td>1.012833</td>\n",
       "    </tr>\n",
       "    <tr>\n",
       "      <th>Enrgy</th>\n",
       "      <td>1.231167</td>\n",
       "    </tr>\n",
       "    <tr>\n",
       "      <th>HiTec</th>\n",
       "      <td>0.766250</td>\n",
       "    </tr>\n",
       "    <tr>\n",
       "      <th>Telcm</th>\n",
       "      <td>0.881417</td>\n",
       "    </tr>\n",
       "    <tr>\n",
       "      <th>Shops</th>\n",
       "      <td>0.916333</td>\n",
       "    </tr>\n",
       "    <tr>\n",
       "      <th>Hlth</th>\n",
       "      <td>0.783833</td>\n",
       "    </tr>\n",
       "    <tr>\n",
       "      <th>Utils</th>\n",
       "      <td>0.907167</td>\n",
       "    </tr>\n",
       "    <tr>\n",
       "      <th>Other</th>\n",
       "      <td>0.489083</td>\n",
       "    </tr>\n",
       "  </tbody>\n",
       "</table>\n",
       "</div>"
      ],
      "text/plain": [
       "           Mean\n",
       "NoDur  0.902833\n",
       "Durbl  0.733333\n",
       "Manuf  1.012833\n",
       "Enrgy  1.231167\n",
       "HiTec  0.766250\n",
       "Telcm  0.881417\n",
       "Shops  0.916333\n",
       "Hlth   0.783833\n",
       "Utils  0.907167\n",
       "Other  0.489083"
      ]
     },
     "execution_count": 4,
     "metadata": {},
     "output_type": "execute_result"
    }
   ],
   "source": [
    "industry_portfolios_mean = np.array(industry_portfolios.mean())\n",
    "pd.DataFrame(industry_portfolios_mean, index=industry_portfolios.columns, columns = ['Mean'])"
   ]
  },
  {
   "cell_type": "code",
   "execution_count": 5,
   "id": "80e6f467",
   "metadata": {},
   "outputs": [
    {
     "data": {
      "text/plain": [
       "array([0.90283333, 0.73333333, 1.01283333, 1.23116667, 0.76625   ,\n",
       "       0.88141667, 0.91633333, 0.78383333, 0.90716667, 0.48908333])"
      ]
     },
     "execution_count": 5,
     "metadata": {},
     "output_type": "execute_result"
    }
   ],
   "source": [
    "industry_portfolios_mean_T = np.array(industry_portfolios.mean()).T\n",
    "industry_portfolios_mean_T"
   ]
  },
  {
   "cell_type": "code",
   "execution_count": 6,
   "id": "96f68447",
   "metadata": {},
   "outputs": [
    {
     "data": {
      "text/html": [
       "<div>\n",
       "<style scoped>\n",
       "    .dataframe tbody tr th:only-of-type {\n",
       "        vertical-align: middle;\n",
       "    }\n",
       "\n",
       "    .dataframe tbody tr th {\n",
       "        vertical-align: top;\n",
       "    }\n",
       "\n",
       "    .dataframe thead th {\n",
       "        text-align: right;\n",
       "    }\n",
       "</style>\n",
       "<table border=\"1\" class=\"dataframe\">\n",
       "  <thead>\n",
       "    <tr style=\"text-align: right;\">\n",
       "      <th></th>\n",
       "      <th>St.dev</th>\n",
       "    </tr>\n",
       "  </thead>\n",
       "  <tbody>\n",
       "    <tr>\n",
       "      <th>NoDur</th>\n",
       "      <td>3.345657</td>\n",
       "    </tr>\n",
       "    <tr>\n",
       "      <th>Durbl</th>\n",
       "      <td>8.361852</td>\n",
       "    </tr>\n",
       "    <tr>\n",
       "      <th>Manuf</th>\n",
       "      <td>5.310270</td>\n",
       "    </tr>\n",
       "    <tr>\n",
       "      <th>Enrgy</th>\n",
       "      <td>6.081524</td>\n",
       "    </tr>\n",
       "    <tr>\n",
       "      <th>HiTec</th>\n",
       "      <td>5.381191</td>\n",
       "    </tr>\n",
       "    <tr>\n",
       "      <th>Telcm</th>\n",
       "      <td>4.448284</td>\n",
       "    </tr>\n",
       "    <tr>\n",
       "      <th>Shops</th>\n",
       "      <td>4.093786</td>\n",
       "    </tr>\n",
       "    <tr>\n",
       "      <th>Hlth</th>\n",
       "      <td>3.787172</td>\n",
       "    </tr>\n",
       "    <tr>\n",
       "      <th>Utils</th>\n",
       "      <td>3.701763</td>\n",
       "    </tr>\n",
       "    <tr>\n",
       "      <th>Other</th>\n",
       "      <td>5.582452</td>\n",
       "    </tr>\n",
       "  </tbody>\n",
       "</table>\n",
       "</div>"
      ],
      "text/plain": [
       "         St.dev\n",
       "NoDur  3.345657\n",
       "Durbl  8.361852\n",
       "Manuf  5.310270\n",
       "Enrgy  6.081524\n",
       "HiTec  5.381191\n",
       "Telcm  4.448284\n",
       "Shops  4.093786\n",
       "Hlth   3.787172\n",
       "Utils  3.701763\n",
       "Other  5.582452"
      ]
     },
     "execution_count": 6,
     "metadata": {},
     "output_type": "execute_result"
    }
   ],
   "source": [
    "industry_portfolios_stdev = np.array(industry_portfolios.std().T)\n",
    "pd.DataFrame(industry_portfolios_stdev, index=industry_portfolios.columns, columns=['St.dev'])"
   ]
  },
  {
   "cell_type": "code",
   "execution_count": 7,
   "id": "9c255c82",
   "metadata": {},
   "outputs": [
    {
     "data": {
      "text/plain": [
       "array([[11.19342216, 18.44966611, 14.10490703, 10.5313412 , 12.92294937,\n",
       "        11.96807831, 10.17083232,  9.95311174,  7.86665347, 14.4384085 ],\n",
       "       [18.44966611, 69.92057703, 39.1780972 , 27.0197944 , 35.4666521 ,\n",
       "        27.49054314, 27.44473081, 16.82400308, 12.74613641, 39.36198711],\n",
       "       [14.10490703, 39.1780972 , 28.19897006, 23.14537986, 24.61873929,\n",
       "        19.55014973, 17.62286678, 13.59644703, 11.4406123 , 26.31342279],\n",
       "       [10.5313412 , 27.0197944 , 23.14537986, 36.98493308, 19.26727584,\n",
       "        15.36681682, 11.29780011,  9.63032658, 14.02716804, 18.32046915],\n",
       "       [12.92294937, 35.4666521 , 24.61873929, 19.26727584, 28.95722027,\n",
       "        18.70827342, 17.83711471, 13.25406408, 10.30418676, 23.85547048],\n",
       "       [11.96807831, 27.49054314, 19.55014973, 15.36681682, 18.70827342,\n",
       "        19.78722739, 14.16935566, 11.50659873, 10.99159564, 19.61083576],\n",
       "       [10.17083232, 27.44473081, 17.62286678, 11.29780011, 17.83711471,\n",
       "        14.16935566, 16.75908392, 10.17884947,  6.69435003, 19.22652434],\n",
       "       [ 9.95311174, 16.82400308, 13.59644703,  9.63032658, 13.25406408,\n",
       "        11.50659873, 10.17884947, 14.34266922,  7.47503616, 14.86455312],\n",
       "       [ 7.86665347, 12.74613641, 11.4406123 , 14.02716804, 10.30418676,\n",
       "        10.99159564,  6.69435003,  7.47503616, 13.70305241,  9.99296041],\n",
       "       [14.4384085 , 39.36198711, 26.31342279, 18.32046915, 23.85547048,\n",
       "        19.61083576, 19.22652434, 14.86455312,  9.99296041, 31.16377142]])"
      ]
     },
     "execution_count": 7,
     "metadata": {},
     "output_type": "execute_result"
    }
   ],
   "source": [
    "industry_portfolios_cov = np.array(industry_portfolios.cov())\n",
    "industry_portfolios_cov"
   ]
  },
  {
   "cell_type": "code",
   "execution_count": 8,
   "id": "d8497d21",
   "metadata": {},
   "outputs": [],
   "source": [
    "cov_inverse = np.linalg.inv(industry_portfolios_cov)"
   ]
  },
  {
   "cell_type": "code",
   "execution_count": 9,
   "id": "3f4c265e",
   "metadata": {},
   "outputs": [
    {
     "data": {
      "text/plain": [
       "array([[ 0.42987616,  0.02364299, -0.11228464,  0.02488242,  0.02109433,\n",
       "        -0.06576008, -0.04881808, -0.11787242, -0.06302345, -0.01706207],\n",
       "       [ 0.02364299,  0.09015004, -0.11170494,  0.01575693, -0.00555338,\n",
       "        -0.00938045, -0.03305295,  0.03350381,  0.00998723, -0.02840085],\n",
       "       [-0.11228464, -0.11170494,  0.53145685, -0.1108174 , -0.08616709,\n",
       "        -0.03841071,  0.02407555, -0.02005282,  0.01293586, -0.10978581],\n",
       "       [ 0.02488242,  0.01575693, -0.1108174 ,  0.07924561, -0.00377626,\n",
       "         0.01130945,  0.01490084,  0.01260604, -0.045812  ,  0.01081068],\n",
       "       [ 0.02109433, -0.00555338, -0.08616709, -0.00377626,  0.16225984,\n",
       "        -0.02593953, -0.0651664 , -0.02309265,  0.00097481,  0.01523926],\n",
       "       [-0.06576008, -0.00938045, -0.03841071,  0.01130945, -0.02593953,\n",
       "         0.24932019, -0.04599885, -0.00167346, -0.07979059, -0.01417457],\n",
       "       [-0.04881808, -0.03305295,  0.02407555,  0.01490084, -0.0651664 ,\n",
       "        -0.04599885,  0.2923196 , -0.01206851,  0.02244901, -0.06768095],\n",
       "       [-0.11787242,  0.03350381, -0.02005282,  0.01260604, -0.02309265,\n",
       "        -0.00167346, -0.01206851,  0.21204886, -0.0156185 , -0.04814481],\n",
       "       [-0.06302345,  0.00998723,  0.01293586, -0.045812  ,  0.00097481,\n",
       "        -0.07979059,  0.02244901, -0.0156185 ,  0.18483217,  0.01639026],\n",
       "       [-0.01706207, -0.02840085, -0.10978581,  0.01081068,  0.01523926,\n",
       "        -0.01417457, -0.06768095, -0.04814481,  0.01639026,  0.21892779]])"
      ]
     },
     "execution_count": 9,
     "metadata": {},
     "output_type": "execute_result"
    }
   ],
   "source": [
    "cov_inverse_array = np.array(cov_inverse)\n",
    "cov_inverse_array"
   ]
  },
  {
   "cell_type": "code",
   "execution_count": 10,
   "id": "378d95ef",
   "metadata": {},
   "outputs": [],
   "source": [
    "e = np.ones(10)"
   ]
  },
  {
   "cell_type": "code",
   "execution_count": 11,
   "id": "35c8cacc",
   "metadata": {},
   "outputs": [],
   "source": [
    "e_T = e.T"
   ]
  },
  {
   "cell_type": "code",
   "execution_count": 12,
   "id": "c4001d77",
   "metadata": {},
   "outputs": [
    {
     "data": {
      "text/plain": [
       "0.1379432386993189"
      ]
     },
     "execution_count": 12,
     "metadata": {},
     "output_type": "execute_result"
    }
   ],
   "source": [
    "alpha = industry_portfolios_mean@cov_inverse@e\n",
    "alpha"
   ]
  },
  {
   "cell_type": "code",
   "execution_count": 13,
   "id": "ad3d3b8d",
   "metadata": {},
   "outputs": [
    {
     "data": {
      "text/plain": [
       "0.19640858464482275"
      ]
     },
     "execution_count": 13,
     "metadata": {},
     "output_type": "execute_result"
    }
   ],
   "source": [
    "zeta = industry_portfolios_mean_T@cov_inverse@industry_portfolios_mean\n",
    "zeta"
   ]
  },
  {
   "cell_type": "code",
   "execution_count": 14,
   "id": "9bf47d2d",
   "metadata": {},
   "outputs": [
    {
     "data": {
      "text/plain": [
       "0.1373875973567117"
      ]
     },
     "execution_count": 14,
     "metadata": {},
     "output_type": "execute_result"
    }
   ],
   "source": [
    "delta = e_T@cov_inverse@e\n",
    "delta "
   ]
  },
  {
   "cell_type": "code",
   "execution_count": 15,
   "id": "9d0ab00a",
   "metadata": {},
   "outputs": [],
   "source": [
    "rmv = alpha/delta"
   ]
  },
  {
   "cell_type": "code",
   "execution_count": 16,
   "id": "3a5bff38",
   "metadata": {},
   "outputs": [
    {
     "data": {
      "text/plain": [
       "array([0.        , 0.01005025, 0.0201005 , 0.03015075, 0.04020101,\n",
       "       0.05025126, 0.06030151, 0.07035176, 0.08040201, 0.09045226,\n",
       "       0.10050251, 0.11055276, 0.12060302, 0.13065327, 0.14070352,\n",
       "       0.15075377, 0.16080402, 0.17085427, 0.18090452, 0.19095477,\n",
       "       0.20100503, 0.21105528, 0.22110553, 0.23115578, 0.24120603,\n",
       "       0.25125628, 0.26130653, 0.27135678, 0.28140704, 0.29145729,\n",
       "       0.30150754, 0.31155779, 0.32160804, 0.33165829, 0.34170854,\n",
       "       0.35175879, 0.36180905, 0.3718593 , 0.38190955, 0.3919598 ,\n",
       "       0.40201005, 0.4120603 , 0.42211055, 0.4321608 , 0.44221106,\n",
       "       0.45226131, 0.46231156, 0.47236181, 0.48241206, 0.49246231,\n",
       "       0.50251256, 0.51256281, 0.52261307, 0.53266332, 0.54271357,\n",
       "       0.55276382, 0.56281407, 0.57286432, 0.58291457, 0.59296482,\n",
       "       0.60301508, 0.61306533, 0.62311558, 0.63316583, 0.64321608,\n",
       "       0.65326633, 0.66331658, 0.67336683, 0.68341709, 0.69346734,\n",
       "       0.70351759, 0.71356784, 0.72361809, 0.73366834, 0.74371859,\n",
       "       0.75376884, 0.7638191 , 0.77386935, 0.7839196 , 0.79396985,\n",
       "       0.8040201 , 0.81407035, 0.8241206 , 0.83417085, 0.84422111,\n",
       "       0.85427136, 0.86432161, 0.87437186, 0.88442211, 0.89447236,\n",
       "       0.90452261, 0.91457286, 0.92462312, 0.93467337, 0.94472362,\n",
       "       0.95477387, 0.96482412, 0.97487437, 0.98492462, 0.99497487,\n",
       "       1.00502513, 1.01507538, 1.02512563, 1.03517588, 1.04522613,\n",
       "       1.05527638, 1.06532663, 1.07537688, 1.08542714, 1.09547739,\n",
       "       1.10552764, 1.11557789, 1.12562814, 1.13567839, 1.14572864,\n",
       "       1.15577889, 1.16582915, 1.1758794 , 1.18592965, 1.1959799 ,\n",
       "       1.20603015, 1.2160804 , 1.22613065, 1.2361809 , 1.24623116,\n",
       "       1.25628141, 1.26633166, 1.27638191, 1.28643216, 1.29648241,\n",
       "       1.30653266, 1.31658291, 1.32663317, 1.33668342, 1.34673367,\n",
       "       1.35678392, 1.36683417, 1.37688442, 1.38693467, 1.39698492,\n",
       "       1.40703518, 1.41708543, 1.42713568, 1.43718593, 1.44723618,\n",
       "       1.45728643, 1.46733668, 1.47738693, 1.48743719, 1.49748744,\n",
       "       1.50753769, 1.51758794, 1.52763819, 1.53768844, 1.54773869,\n",
       "       1.55778894, 1.5678392 , 1.57788945, 1.5879397 , 1.59798995,\n",
       "       1.6080402 , 1.61809045, 1.6281407 , 1.63819095, 1.64824121,\n",
       "       1.65829146, 1.66834171, 1.67839196, 1.68844221, 1.69849246,\n",
       "       1.70854271, 1.71859296, 1.72864322, 1.73869347, 1.74874372,\n",
       "       1.75879397, 1.76884422, 1.77889447, 1.78894472, 1.79899497,\n",
       "       1.80904523, 1.81909548, 1.82914573, 1.83919598, 1.84924623,\n",
       "       1.85929648, 1.86934673, 1.87939698, 1.88944724, 1.89949749,\n",
       "       1.90954774, 1.91959799, 1.92964824, 1.93969849, 1.94974874,\n",
       "       1.95979899, 1.96984925, 1.9798995 , 1.98994975, 2.        ])"
      ]
     },
     "execution_count": 16,
     "metadata": {},
     "output_type": "execute_result"
    }
   ],
   "source": [
    "var_p = np.linspace(0, 2, 200 )\n",
    "var_p"
   ]
  },
  {
   "cell_type": "code",
   "execution_count": 17,
   "id": "b533bb30",
   "metadata": {},
   "outputs": [],
   "source": [
    "def var_of_return(x):\n",
    "    return (1/delta) + [delta/(zeta*delta - alpha*alpha)]*(x-rmv)**2"
   ]
  },
  {
   "cell_type": "code",
   "execution_count": 18,
   "id": "47c34524",
   "metadata": {},
   "outputs": [
    {
     "data": {
      "text/plain": [
       "array([24.68757549, 24.34080171, 23.99751651, 23.6577199 , 23.32141187,\n",
       "       22.98859243, 22.65926157, 22.3334193 , 22.01106561, 21.69220051,\n",
       "       21.37682399, 21.06493606, 20.75653671, 20.45162595, 20.15020378,\n",
       "       19.85227019, 19.55782518, 19.26686876, 18.97940093, 18.69542168,\n",
       "       18.41493101, 18.13792893, 17.86441544, 17.59439053, 17.32785421,\n",
       "       17.06480647, 16.80524732, 16.54917675, 16.29659477, 16.04750137,\n",
       "       15.80189656, 15.55978033, 15.32115269, 15.08601363, 14.85436316,\n",
       "       14.62620128, 14.40152798, 14.18034326, 13.96264713, 13.74843958,\n",
       "       13.53772063, 13.33049025, 13.12674846, 12.92649526, 12.72973064,\n",
       "       12.5364546 , 12.34666716, 12.16036829, 11.97755802, 11.79823632,\n",
       "       11.62240322, 11.45005869, 11.28120276, 11.1158354 , 10.95395664,\n",
       "       10.79556646, 10.64066486, 10.48925185, 10.34132742, 10.19689158,\n",
       "       10.05594433,  9.91848566,  9.78451557,  9.65403407,  9.52704116,\n",
       "        9.40353683,  9.28352109,  9.16699393,  9.05395536,  8.94440537,\n",
       "        8.83834397,  8.73577115,  8.63668692,  8.54109127,  8.44898421,\n",
       "        8.36036573,  8.27523584,  8.19359453,  8.11544181,  8.04077768,\n",
       "        7.96960212,  7.90191516,  7.83771678,  7.77700698,  7.71978577,\n",
       "        7.66605315,  7.61580911,  7.56905366,  7.52578679,  7.48600851,\n",
       "        7.44971881,  7.41691769,  7.38760517,  7.36178122,  7.33944587,\n",
       "        7.32059909,  7.30524091,  7.29337131,  7.28499029,  7.28009786,\n",
       "        7.27869401,  7.28077875,  7.28635208,  7.29541399,  7.30796448,\n",
       "        7.32400356,  7.34353123,  7.36654748,  7.39305231,  7.42304573,\n",
       "        7.45652774,  7.49349833,  7.53395751,  7.57790527,  7.62534162,\n",
       "        7.67626655,  7.73068007,  7.78858217,  7.84997286,  7.91485213,\n",
       "        7.98321999,  8.05507644,  8.13042147,  8.20925508,  8.29157728,\n",
       "        8.37738806,  8.46668743,  8.55947539,  8.65575193,  8.75551706,\n",
       "        8.85877077,  8.96551306,  9.07574394,  9.18946341,  9.30667146,\n",
       "        9.4273681 ,  9.55155332,  9.67922713,  9.81038952,  9.9450405 ,\n",
       "       10.08318006, 10.22480821, 10.36992495, 10.51853027, 10.67062417,\n",
       "       10.82620666, 10.98527773, 11.14783739, 11.31388564, 11.48342247,\n",
       "       11.65644789, 11.83296189, 12.01296447, 12.19645564, 12.3834354 ,\n",
       "       12.57390374, 12.76786067, 12.96530618, 13.16624028, 13.37066296,\n",
       "       13.57857423, 13.78997408, 14.00486252, 14.22323954, 14.44510515,\n",
       "       14.67045935, 14.89930213, 15.13163349, 15.36745344, 15.60676198,\n",
       "       15.8495591 , 16.0958448 , 16.34561909, 16.59888197, 16.85563343,\n",
       "       17.11587348, 17.37960211, 17.64681932, 17.91752513, 18.19171951,\n",
       "       18.46940249, 18.75057404, 19.03523419, 19.32338291, 19.61502023,\n",
       "       19.91014613, 20.20876061, 20.51086368, 20.81645533, 21.12553557,\n",
       "       21.4381044 , 21.75416181, 22.0737078 , 22.39674238, 22.72326555,\n",
       "       23.0532773 , 23.38677764, 23.72376656, 24.06424407, 24.40821016])"
      ]
     },
     "execution_count": 18,
     "metadata": {},
     "output_type": "execute_result"
    }
   ],
   "source": [
    "a = var_of_return(var_p)\n",
    "a"
   ]
  },
  {
   "cell_type": "code",
   "execution_count": 19,
   "id": "58593153",
   "metadata": {
    "scrolled": true
   },
   "outputs": [
    {
     "data": {
      "text/plain": [
       "array([4.96865933, 4.9336398 , 4.89872601, 4.86392022, 4.82922477,\n",
       "       4.79464205, 4.76017453, 4.72582472, 4.69159521, 4.65748865,\n",
       "       4.62350776, 4.58965533, 4.55593423, 4.52234739, 4.48889784,\n",
       "       4.45558865, 4.422423  , 4.38940415, 4.35653543, 4.32382026,\n",
       "       4.29126217, 4.25886475, 4.22663169, 4.19456679, 4.16267393,\n",
       "       4.13095709, 4.09942036, 4.06806794, 4.03690411, 4.00593327,\n",
       "       3.97515994, 3.94458874, 3.9142244 , 3.88407179, 3.85413585,\n",
       "       3.82442169, 3.79493452, 3.76567965, 3.73666257, 3.70788883,\n",
       "       3.67936416, 3.65109439, 3.62308549, 3.59534355, 3.56787481,\n",
       "       3.54068561, 3.51378246, 3.48717196, 3.46086088, 3.43485608,\n",
       "       3.40916459, 3.38379354, 3.35875018, 3.3340419 , 3.30967621,\n",
       "       3.28566073, 3.2620032 , 3.23871145, 3.21579344, 3.19325721,\n",
       "       3.1711109 , 3.14936274, 3.12802103, 3.10709415, 3.08659054,\n",
       "       3.06651868, 3.04688711, 3.0277044 , 3.00897912, 2.99071987,\n",
       "       2.97293524, 2.9556338 , 2.93882407, 2.92251455, 2.90671364,\n",
       "       2.8914297 , 2.87667096, 2.86244555, 2.84876145, 2.8356265 ,\n",
       "       2.82304837, 2.81103454, 2.79959225, 2.78872856, 2.77845025,\n",
       "       2.76876383, 2.75967554, 2.75119132, 2.74331675, 2.73605711,\n",
       "       2.7294173 , 2.72340186, 2.71801493, 2.71326026, 2.70914117,\n",
       "       2.70566057, 2.70282092, 2.70062424, 2.69907212, 2.69816565,\n",
       "       2.69790549, 2.69829182, 2.69932437, 2.7010024 , 2.70332471,\n",
       "       2.70628963, 2.70989506, 2.71413844, 2.71901679, 2.7245267 ,\n",
       "       2.73066434, 2.73742549, 2.74480555, 2.75279953, 2.76140211,\n",
       "       2.77060761, 2.78041005, 2.79080314, 2.8017803 , 2.8133347 ,\n",
       "       2.82545925, 2.83814666, 2.85138939, 2.86517976, 2.8795099 ,\n",
       "       2.89437179, 2.90975728, 2.92565811, 2.94206593, 2.9589723 ,\n",
       "       2.97636872, 2.99424666, 3.01259754, 3.03141277, 3.05068377,\n",
       "       3.07040194, 3.09055874, 3.11114563, 3.13215413, 3.15357583,\n",
       "       3.17540235, 3.1976254 , 3.22023678, 3.24322837, 3.26659213,\n",
       "       3.29032015, 3.31440458, 3.33883773, 3.36361199, 3.38871989,\n",
       "       3.41415405, 3.43990725, 3.46597237, 3.49234243, 3.51901057,\n",
       "       3.54597007, 3.57321433, 3.60073689, 3.62853142, 3.65659171,\n",
       "       3.6849117 , 3.71348544, 3.74230711, 3.77137104, 3.80067167,\n",
       "       3.83020356, 3.85996142, 3.88994004, 3.92013437, 3.95053945,\n",
       "       3.98115047, 4.01196271, 4.04297157, 4.07417255, 4.10556128,\n",
       "       4.13713349, 4.168885  , 4.20081175, 4.23290977, 4.2651752 ,\n",
       "       4.29760427, 4.3301933 , 4.36293871, 4.395837  , 4.42888476,\n",
       "       4.46207868, 4.49541551, 4.5288921 , 4.56250538, 4.59625234,\n",
       "       4.63013006, 4.6641357 , 4.69826647, 4.73251967, 4.76689265,\n",
       "       4.80138285, 4.83598776, 4.87070493, 4.90553199, 4.94046659])"
      ]
     },
     "execution_count": 19,
     "metadata": {},
     "output_type": "execute_result"
    }
   ],
   "source": [
    "sqrt_a = np.sqrt(a)\n",
    "sqrt_a"
   ]
  },
  {
   "cell_type": "code",
   "execution_count": 20,
   "id": "444a35b3",
   "metadata": {},
   "outputs": [
    {
     "data": {
